1.0 0.0 0.0 0.0 0.0 1.0 0.0 0.0 0.0 0.0 1.0 0.0
0.9999993553462244 0.00019299420231065452 0.0007793631326808882 -0.000493687 -0.00019376363094115222 0.9999997188778296 0.0004935360931484634 0.000779268 -0.0007791721953664636 -0.0004938374811516659 0.9999991490148971 -0.000193379
0.9999987535068313 -0.0005876075028033712 0.0012841749435597144 0.000570859 0.0005883404898229944 0.9999996535770542 -0.00045621503437939966 0.00160501 -0.0012838392933121532 0.00045715873852322233 0.9999988392259577 0.000734968
0.9999988097591236 -0.0005296367606542354 0.0013645208933267686 0.001586358 0.000531079543152632 0.9999993404274139 -0.0009514120310101786 0.002273736 -0.001363960001395344 0.0009522159606254294 0.9999984627198785 0.000883931
0.9999992580253262 -0.0004196188603648524 0.0011047975944351134 0.001900765 0.00042066865092207543 0.9999994811755795 -0.0008942305789105522 0.002347272 -0.0011043982971622656 0.0008947236747473506 0.9999989267543387 0.000892806
0.999999378646322 -0.00046274029086377746 0.000990344371221736 0.000727937 0.00046302863456568693 0.999999847822779 -0.00027973731721904217 0.002574721 -0.0009902095909308818 0.00028021403655773225 0.9999994493016814 0.0012035
0.9999993737015289 -0.0007086822156244059 0.0008464703820893759 0.001463982 0.0007090952036853224 0.9999996259078678 -0.00047449649877930007 0.002609418 -0.0008461244486523966 0.00047511309443229016 0.9999995160917692 0.002185741
0.9999996922689625 -0.0003380495321749565 0.0006991961492092545 0.001110235 0.0003382713071722272 0.9999998923520316 -0.00031074512088542246 0.002496938 -0.0006990888813425297 0.00031098636820027357 0.999999701307208 0.001207716
0.9999996989558182 -0.0003916361992746662 0.000662907583164131 0.001018025 0.0003918049007112118 0.9999998901902502 -0.0002504588713234983 0.00269286 -0.0006628078878359045 0.0002507225834735618 0.9999997449886616 0.001591365
0.9999997327414438 -0.0002883383749963302 0.0006669779021972839 0.000344598 0.0002883894495399771 0.9999999550135397 -7.554610137995258e-05 0.003038405 -0.0006669558200578529 7.57408050139204e-05 0.9999997719353302 0.001313658
0.9999998300106206 -0.00025366960293626275 0.0005217895518739242 0.000339261 0.0002537050069213163 0.999999965220418 -6.711354381295607e-05 0.002634994 -0.0005217723386321727 6.724723671822879e-05 0.9999998602318654 0.001281121
0.9999997260728746 -0.00040010428355953504 0.0006190962206976432 0.001251429 0.00040024513773977735 0.9999998935950044 -0.00022554260293771437 0.003432918 -0.0006190051679271026 0.0002257923787499569 0.9999997811311715 0.002219151
0.999999839345875 -0.0001908525988081472 0.0005316649235300633 0.001378978 0.0001909747861381099 0.999999955420732 -0.00022819351172567964 0.00321201 -0.0005316210458997601 0.00022829571450723972 0.9999998314677597 0.001153437
0.9999998812560028 -0.0001755763811766056 0.0004530606213504613 0.001331968 0.00017566921783538516 0.9999999636148433 -0.0002036727210134467 0.002962202 -0.0004530246330506132 0.00020375275643005322 0.9999998758967211 0.001148303
0.9999998292258432 -0.00016265738993855331 0.000559783092353869 0.0011161 0.00016274664128607114 0.9999999740500071 -0.00015858771786099362 0.003938383 -0.0005597571506796369 0.00015867925826847267 0.9999998298828595 0.001144725
0.9999999353934595 7.957931584335087e-05 0.00034972627848291996 0.00338494 -7.942146741724063e-05 0.9999998954291802 -0.00044934224547349026 0.00263474 -0.0003497621590236726 0.0004493143170919111 0.9999998371710429 -0.000598903
0.9999999312401058 0.00012276281707880945 0.00034916182219558723 0.00376525 -0.000122598468296989 0.9999998821176582 -0.0004688463637953182 0.002804438 -0.0003492195626068223 0.00046880335751329084 0.9999998284670967 -0.000985279
0.9999999149404987 -5.014703887067903e-05 0.00040867793270996073 0.005346305 5.0404077969990375e-05 0.9999998016078584 -0.0006267977755275914 0.003485648 -0.0004086463105370948 0.0006268183923393158 0.9999997190847353 0.000428821
0.9999999162318928 -5.701072275932476e-05 0.00040468566695674087 0.005645453 5.726455973083503e-05 0.9999998022325444 -0.0006253308021909292 0.003653251 -0.00040464982608249867 0.0006253539953181534 0.9999997217392238 0.000515826
0.9999997683530988 -0.00011894114952511543 0.0006692286120046556 0.006872236 0.00011942523381040032 0.9999997319519524 -0.0007213547734102597 0.006374874 -0.0006691423956867215 0.0007214347500239227 0.9999995145490358 0.001135377
0.9999992729241263 -0.0002540275133358436 0.0011772828594826068 0.016209189 0.00025593545840704154 0.9999986569992455 -0.0016167246193855471 0.011800201 -0.0011768695551730077 0.001617025502664003 0.9999979951015353 0.002556192
0.99999923496589 5.2334036072489326e-05 0.0012344501181705378 0.018574482 -5.0150215752246045e-05 0.9999984375484865 -0.0017650256748433044 0.01299161 -0.001234540765403433 0.0017649622731561211 0.9999976751460892 -0.000539263
0.9999992785085771 0.00037910159694502094 0.0011385469186916063 0.020944893 -0.00037693302592688887 0.9999981193811147 -0.0019003685455039254 0.012553875 -0.001139266694340713 0.0018999371289515976 0.9999975410822025 -0.004166787
0.9999991961989156 0.0006120193924225939 0.0011090539111271959 0.019625789 -0.0006101258018632646 0.9999983594659178 -0.001703708100421396 0.012784252 -0.0011100967617233008 0.001703028786849903 0.9999979297808531 -0.007040627
0.9999993078395577 0.0006764468612321426 0.0009614264826368084 0.012822786 -0.000675419128160972 0.9999992012342487 -0.0010670385102590375 0.011561496 -0.0009621487613152527 0.0010663872772078333 0.9999989667527123 -0.008125283
0.9999993159779783 0.0007896825480098069 0.000861544935695112 0.01003537 -0.0007889906198560285 0.999999366222563 -0.0008018874154932889 0.010790515 -0.0008621786384690562 0.0008012060276333707 0.9999993062499815 -0.009882499
0.9999995127810277 0.0006001350394950891 0.0007828386135953252 0.005350721 -0.0005998127770583261 0.9999997351697174 -0.0004112210641492389 0.010193567 -0.0007830855592099766 0.00041075061228521806 0.9999996084520368 -0.007811201
0.9999993902521678 0.0009771666468384019 0.0005128060992372599 0.003947108 -0.0009770166716633964 0.9999994793069917 -0.0002922286996849392 0.006934312 -0.0005130917797042942 0.00029172681387621004 0.9999998255771954 -0.013208836
0.9999992305092409 0.0011484113976469373 0.0004670885381829688 0.003588349 -0.0011482916401628841 0.9999993069973993 -0.0002562526474964266 0.006549646 -0.0004673828728990053 0.00025571541207268446 0.9999998579004105 -0.016097434
0.9999991936170242 0.0012313507595125119 0.00030761211027498063 -0.00371841 -0.00123142960370884 0.9999992080950904 0.00025594787523525815 0.004463389 -0.0003072963300291046 -0.0002563269216760381 0.9999999198375294 -0.017876396
0.999999110849162 0.0012998539816544007 0.00029446020910262754 -0.005654001 -0.0012999648811974043 0.999999083218056 0.0003763234300498863 0.004418134 -0.00029397022982094814 -0.0003767063083202798 0.9999998857100763 -0.019520316
0.9999991707466186 0.0012556071155741086 0.00028325399868167064 -0.007363135 -0.0012557415311475633 0.9999990981056538 0.00047436910358049367 0.00439038 -0.0002826575019359326 -0.0004747247737376418 0.9999998472117277 -0.019483214
0.9999989486074728 0.0014486136490472785 -4.744416108449593e-05 -0.01293589 -0.0014485748173243462 0.999998623250546 0.0008077386165443408 -0.000769227 4.861533956294131e-05 -0.0008076689729320776 0.9999996723339618 -0.023200158
0.9999989457037042 0.0014338720158125662 -0.00022509561364437685 -0.015650723 -0.0014336578611863719 0.9999985217741695 0.0009478197476752803 -0.003728721 0.00022645558078980514 -0.000947495741042841 0.999999525048998 -0.023678863
0.9999987567873357 0.001549512451604908 -0.00028859299916949834 -0.017552845 -0.0015492136475899786 0.9999982661098245 0.0010318513479445923 -0.004923939 0.00029019274796116375 -0.0010314025850537058 0.9999994255017324 -0.02636198
0.9999987340437904 0.0015555360155202745 -0.0003318935697998034 -0.021299385 -0.0015551309132986117 0.9999980494096089 0.0012163727977732308 -0.005829462 0.00033378657815762283 -0.0012158546973544818 0.9999992044927578 -0.027240582
0.9999985850836657 0.0016382371489225373 -0.00037924646840776144 -0.024592128 -0.0016377174825628646 0.9999977249078603 0.0013654861101902937 -0.006851868 0.0003814843210638637 -0.0013648625988372679 0.999998995034557 -0.029506376
0.9999986080732068 0.0015996613914681958 -0.0004721261211770634 -0.030263778 -0.0015988869099289326 0.9999973831522023 0.0016350624411305996 -0.008764943 0.0004747423416018137 -0.0016343047358996672 0.9999985507749926 -0.029608224
0.9999987256016502 0.0014920743458731326 -0.00056634384554235 -0.032876626 -0.0014910921405356511 0.9999973908025249 0.0017295724991344599 -0.010792536 0.0005689248047231235 -0.0017287252377739715 0.9999983427685648 -0.028359747
0.999998747183573 0.0014040065612141873 -0.0007298976547322162 -0.036011968 -0.0014026562168152914 0.9999973105293383 0.0018460648703881918 -0.014267668 0.0007324892816591185 -0.001845038087498323 0.9999980283495782 -0.027382994
0.9999983263933113 0.0013659703307757893 -0.0012162421364547101 -0.044249836 -0.0013632760650249382 0.9999966222917337 0.0022119367090727335 -0.024370307 0.0012192613540901545 -0.002210273894759126 0.9999968120492282 -0.027309578
0.9999981497454087 0.0010917223411880852 -0.0015831765629697972 -0.049403306 -0.0010879038518410795 0.999996503681494 0.002409342788481789 -0.03250144 0.0015858029224766225 -0.0024076149594589803 0.999995841828851 -0.022354512
0.9999956122146307 0.0017023150238929888 -0.0024233660619100462 -0.055692941 -0.001695882173336435 0.9999950410434764 0.0026525936209875504 -0.050967079 0.0024278721475293717 -0.0026484699022968653 0.9999935418421535 -0.035701439
0.9999957523995753 0.0012517715561648937 -0.002631284628610302 -0.060027882 -0.001244420159324054 0.9999953252099568 0.0027921179941640425 -0.056640927 0.0026347693053951106 -0.002788829933402763 0.9999926362016268 -0.026848683
0.9999954467050319 0.0011566900366841264 -0.0027863840357353438 -0.062223278 -0.0011488046101692712 0.999995337595165 0.0028284663464997243 -0.061368257 0.002789644386515768 -0.0028252507967724467 0.99999211381865 -0.025373649
0.9999954728055972 0.0010600818266772614 -0.002815337591553294 -0.065715663 -0.001051854577109213 0.9999951790788346 0.0029207297043056567 -0.06341137 0.0028184217537974864 -0.0029177536869563906 0.9999917675088298 -0.023771122
0.9999956226153472 0.001007798098514378 -0.0027811791913959147 -0.069003657 -0.0009994496019466313 0.9999949977981623 0.0030001255676798816 -0.064032279 0.0027841902225227986 -0.002997331466706446 0.9999916281548357 -0.02309436
0.9999949104658621 0.0012292475795986238 -0.0029433631907046834 -0.080127418 -0.0012192045443953005 0.9999934400040603 0.003409919721815606 -0.069249794 0.0029475374065938806 -0.0034063121727686816 0.9999898498860101 -0.028782493
0.9999944289852782 0.0013838557784759268 -0.0030367923490124903 -0.093296118 -0.0013720403280591134 0.9999914978394783 0.0038877213116762146 -0.072979435 0.0030421488991864702 -0.003883531233743431 0.9999878264021648 -0.033085324
0.9999947424377874 0.0012873892815146745 -0.002975457611773443 -0.106787153 -0.0012744081083054762 0.9999896843707093 0.004358720799250356 -0.072998032 0.002981040612790213 -0.004354904346845466 0.9999860682054116 -0.03139532
0.9999952014276796 0.001179436334957326 -0.0028639508118505127 -0.114504389 -0.0011663066351900535 0.9999888271758213 0.004579991019751973 -0.071695134 0.0028693227691614677 -0.004576627452620488 0.9999854047917887 -0.02933374
0.9999958239697676 0.001028835025410001 -0.0027000614214969273 -0.124379836 -0.0010156529358273728 0.9999875862817729 0.004877108761324889 -0.068942189 0.0027050475602679604 -0.004874345006904657 0.9999844556444565 -0.026077453
0.9999961607759691 0.0009539159962311407 -0.0026010841977077764 -0.126793623 -0.0009412200791231285 0.9999876643840205 0.004876070551388554 -0.067713827 0.002605705181728395 -0.004873602726074169 0.9999847233842963 -0.024646074
0.9999967037723638 0.0008484858812625189 -0.002422843384377364 -0.13129662 -0.0008364713464659719 0.999987375471018 0.0049538095352827 -0.064284034 0.002427017520015955 -0.004951765840042779 0.9999847892717999 -0.022333805
0.9999969394610768 0.0007573365993415468 -0.0023548697109980537 -0.134108841 -0.0007456307054165316 0.9999873863456397 0.004966138959006261 -0.063654184 0.0023586023258740166 -0.004964367289425463 0.9999848907324089 -0.020297173
0.9999972713028709 0.0007305844595577552 -0.00221851970313498 -0.141674221 -0.000719145492960583 0.9999864712186565 0.0051508511721350195 -0.061081313 0.002222254055165587 -0.005149241146516924 0.9999842681286603 -0.019940536
0.99999745375699 0.0006583762470801972 -0.0021581002999785937 -0.144059986 -0.0006472641817074291 0.9999865556568659 0.005144024027826302 -0.060493592 0.00216145905965524 -0.0051426136192656265 0.9999844357273486 -0.018284939
0.9999976341193301 0.0006043995383324041 -0.002089258486947889 -0.146199003 -0.0005936742001682624 0.9999866673007214 0.005128797818819469 -0.059606459 0.0020923314200371745 -0.005127544960342752 0.9999846603784553 -0.017077938
0.9999977519368336 0.0005345038490444502 -0.0020516068776194876 -0.149991602 -0.0005238856052403181 0.9999864885786428 0.005171090168309149 -0.05955445 0.0020543439384779023 -0.005170003413105084 0.9999845206479716 -0.015351329
0.9999978395087522 0.0005062942415972982 -0.002015788438726015 -0.149281025 -0.0004960871816480502 0.9999870744486323 0.005059388205940752 -0.059520707 0.0020183246510362355 -0.005058376977957782 0.9999851652235544 -0.014789484
0.9999979510239086 0.00040885819549674364 -0.001982333212353534 -0.150711209 -0.00039889443788672455 0.9999873031996138 0.0050226756836699105 -0.059517395 0.0019843621686193697 -0.005021874428127521 0.9999854173861079 -0.012119744
0.9999978648968201 0.00029005271700851214 -0.002045708665202479 -0.154220611 -0.0002797051263521377 0.9999871792821057 0.0050553088289811855 -0.062433321 0.002047149130820924 -0.005054725683500419 0.9999851253573415 -0.008691207
0.9999977839205161 7.093548797205222e-05 -0.002103798829439478 -0.155001536 -6.0415568624641666e-05 0.9999875009380162 0.004998781480046119 -0.065240301 0.0021041272103350865 -0.004998643264199844 0.9999852891729611 -0.002036486
0.9999973762826867 -3.064596328620598e-05 -0.0022902329151379664 -0.155011058 4.1915728035287385e-05 0.9999878944292617 0.004919668639671467 -0.072158232 0.0022900543776055537 -0.004919751749566019 0.9999852720285894 0.001143143
0.9999973593458196 -0.0001115530795071212 -0.002295118349952617 -0.154770792 0.00012265224998923732 0.9999882997922952 0.004835237676063311 -0.07345318 0.0022945519726973547 -0.004835506474910568 0.9999856728545952 0.003748227
0.9999970412007813 -0.00022138711572353048 -0.0024222256613335978 -0.154587194 0.00023290593289194595 0.9999886646691695 0.004755094475300252 -0.078723967 0.0024211452322929947 -0.004755644686853598 0.9999857574780743 0.007384062
0.9999966511087363 -0.00038346822612403 -0.0025591377838339066 -0.156444103 0.00039559603112341327 0.999988689513105 0.00473910939011618 -0.084441073 0.002557291117032324 -0.004740106132870997 0.9999854923930609 0.012857605
0.999996470092171 -0.000520448172956681 -0.0026052571018077182 -0.157801971 0.0005327144115991148 0.9999887694399855 0.004708737284973226 -0.087254636 0.0026027766371565786 -0.004710108827032394 0.9999855168838121 0.017644532
0.9999964808325118 -0.0005033167338031878 -0.002604510139328912 -0.158566535 0.0005154579043800252 0.9999889975132488 0.004662016494854538 -0.088532738 0.002602134498677109 -0.004663342890562233 0.999985737879184 0.017323039
0.999996392435205 -0.0005452631933046248 -0.0026298839307574277 -0.1597251 0.0005574328923777598 0.999989133180504 0.004627982879636957 -0.090706661 0.00262733134753199 -0.00462943247210116 0.9999858296663996 0.019025639
0.9999961475904788 -0.000544049121740946 -0.002721625006247361 -0.160804614 0.0005565475953807974 0.9999892964470938 0.00459269835134762 -0.095232747 0.002719096705814983 -0.004594195677757772 0.9999857469298392 0.019264512
0.999996119826292 -0.0005369989982655973 -0.0027332078783568045 -0.161952242 0.000549462335327791 0.9999894484764767 0.0045603554063365585 -0.097004823 0.002730729641049456 -0.004561839800552919 0.9999858634629741 0.019288652
0.9999960646132666 -0.0005173783931994367 -0.002757092599059436 -0.16454877 0.0005299750393729795 0.9999894188411683 0.0045691630239908625 -0.0992321 0.0027546989779610323 -0.004570606511220812 0.9999857577466108 0.018856134
0.9999961272287953 -0.0004982083815065076 -0.002737857306840647 -0.166234627 0.0005106723742092606 0.9999895036065471 0.004552796050402254 -0.09990932 0.002735559897030868 -0.004554176825611358 0.9999858853449995 0.01841566
0.999996104052305 -0.0005030445764896219 -0.0027454332478335005 -0.168531343 0.0005155444703823502 0.9999894986906488 0.004553338078530523 -0.101557381 0.0027431134616168187 -0.004554735987123977 0.9999858621730829 0.018847473
0.9999961913485188 -0.00041707366423886753 -0.002728000014369537 -0.171061143 0.0004295133882079773 0.999989508081641 0.004560209986043498 -0.102282703 0.00272606910571833 -0.004561364535537486 0.9999858786406962 0.015876442
0.9999964419202956 -0.0003150723649599671 -0.002648706165954011 -0.174919724 0.0003272613558190275 0.9999893558276179 0.004601895965738021 -0.100640878 0.0026472277865177674 -0.0046027465582331294 0.9999859009146538 0.01220654
0.9999966571667933 -0.00018394075299390638 -0.0025788938743091226 -0.177299902 0.00019581504165673444 0.9999893799342524 0.004604138724455406 -0.099288017 0.0025780194500860643 -0.004604628402374824 0.9999860731609939 0.007311583
0.9999966991084639 -0.00029230613785023556 -0.002552497674526907 -0.18385686 0.0003043360076537662 0.9999888451901492 0.004713089067945231 -0.09953706 0.0025510913059190094 -0.004713850452625174 0.9999856333093448 0.011636518
0.9999968947264973 -0.00021165519668407955 -0.0024828903492320102 -0.183915675 0.00022321340825206967 0.9999891385681359 0.004655044730569089 -0.098070569 0.002481877954890072 -0.004655584576284612 0.999986080580214 0.008590091
0.9999971271979957 -9.816947015079606e-05 -0.002394798719378672 -0.184403121 0.00010920857725925471 0.9999893699455396 0.004609202540438387 -0.095798001 0.002394320704889056 -0.004609450870468302 0.9999865078967014 0.004148237
0.9999975832191281 -0.00022041541369015509 -0.002187289728000033 -0.187732637 0.00023055189663704178 0.9999892329374811 0.004634390284836573 -0.08857815 0.002186244526983137 -0.0046348834434792804 0.9999868670075718 0.00913354
0.9999977997138328 -6.239701847602081e-05 -0.0020966687265850464 -0.188919008 7.205729446138914e-05 0.999989383565062 0.0046069955100537015 -0.085970402 0.0020963589585921015 -0.004607136474582163 0.9999871877990866 0.002756741
0.9999981254139444 -0.000352172294525457 -0.0019038379995884457 -0.196760654 0.00036119480145136606 0.9999886984974546 0.004740161933058841 -0.078986168 0.001902146884210777 -0.004740840802134606 0.9999869511538543 0.014804613
0.9999983352848021 -0.00020818602900606894 -0.001812626385582895 -0.198284313 0.00021674117026362764 0.9999888348962923 0.0047201633210749005 -0.076120518 0.0018116233332283447 -0.004720548388676337 0.9999872153285622 0.008924793
0.9999984899586529 -0.00020136570028576634 -0.0017260111020992632 -0.197396263 0.00020938014723632524 0.9999891942289643 0.0046437694253717975 -0.073345803 0.0017250572233305148 -0.004644123854595509 0.999987726371752 0.008729611
0.9999986922276085 -4.781384053165144e-05 -0.00161644774615635 -0.201313555 5.538101558221037e-05 0.9999890410104557 0.0046810072484644305 -0.069511883 0.001616206181931443 -0.004681090658566343 0.9999877359007352 0.002219003
0.9999987730564629 0.00010603639448443843 -0.0015627916349259606 -0.201633379 -9.879136420601742e-05 0.9999892534666689 0.004634690088325332 -0.068001151 0.0015632663488696129 -0.004634529990355818 0.9999880370131831 -0.004455619
0.9999988953483162 0.00014226022501994905 -0.0014794522371839036 -0.204790667 -0.00013537285756734787 0.9999891604173875 0.004653807346386205 -0.065118909 0.0014800983356403163 -0.004653601901347109 0.9999880750383392 -0.006108753
0.9999989488263129 0.0002005151474082774 -0.0014359228967419195 -0.20619835 -0.00019385943653515132 0.999989246521934 0.0046332002104545866 -0.063927345 0.0014368365977362012 -0.004632916937195182 0.9999882342362131 -0.008775994
0.999999009783663 0.00018363005865437788 -0.001395158495961858 -0.211396217 -0.0001770740413279593 0.9999889509997594 0.004697211448237334 -0.062809326 0.0013960057346528876 -0.004696959719555053 0.9999879933144955 -0.008116893
0.9999990867605842 0.000271059868224698 -0.0013239274945144417 -0.218517154 -0.00026469851810511757 0.9999884332176023 0.004802142488814 -0.060275622 0.0013252140043805121 -0.004801787618814245 0.9999875917465607 -0.012190051
0.9999991345151995 0.00036469179683628407 -0.00126402700175072 -0.221585959 -0.00035859867411453975 0.9999883338820608 0.004816715734777013 -0.058192547 0.001265769077975081 -0.004816258233529996 0.999987599200804 -0.01663775
0.9999991808229584 0.00040718022500228247 -0.0012134118313737873 -0.221110061 -0.0004014058142715986 0.9999886143647356 0.004754722049451764 -0.056475218 0.0012153342669487077 -0.004754231027163164 0.9999879586604291 -0.018801913
0.9999991817757894 0.0005246741711967744 -0.0011666102972462324 -0.223413318 -0.0005191228222030378 0.9999885673800494 0.0047532129411268385 -0.054895528 0.0011690911286251035 -0.0047526033689238864 0.9999880215663556 -0.024532154
0.9999992238983458 0.0005789882968358615 -0.0011030880694153894 -0.227646559 -0.0005736950631426368 0.9999883509269176 0.004792317104294709 -0.052468419 0.001105850220999765 -0.004791680478257808 0.9999879070338374 -0.027379431
0.9999992208778937 0.0006247598154124325 -0.0010806246886033112 -0.226876944 -0.00061964518127411 0.9999886373005648 0.004726398631903095 -0.051946513 0.0010835655927985879 -0.004725725272524577 0.9999882453587274 -0.029869139
0.9999992244364353 0.0006849220480792883 -0.0010401170504973124 -0.228276342 -0.0006800189398201682 0.9999886916860906 0.0047065561432068906 -0.050529242 0.0010433292539587925 -0.004705845118119331 0.9999883819407634 -0.033103533
0.9999992232821378 0.0007281837993023729 -0.001011445374024972 -0.228833184 -0.0007234523688151074 0.9999888330106315 0.004669919214934064 -0.049649328 0.001014834991640889 -0.004669183778605008 0.9999885831625908 -0.035568997
0.9999992348465488 0.0007235491180657119 -0.0010033079634641138 -0.229264677 -0.0007188944514783286 0.9999890151434965 0.004631472959056846 -0.049751781 0.001006648381232419 -0.004630748068788393 0.9999887702069691 -0.035704326
0.9999992405509848 0.0007396315227103805 -0.0009857437752503811 -0.229136586 -0.0007351063805425308 0.9999892285088643 0.004582611786413684 -0.049376883 0.0009891229393343428 -0.004581883606804637 0.9999890128302524 -0.036872342
0.9999992575183125 0.0007304838373859458 -0.0009753002777403617 -0.229555368 -0.0007260429388160296 0.9999894043878075 0.004545535899827804 -0.049341362 0.0009786107088305884 -0.004544824345224564 0.9999891923286108 -0.03678111
0.9999992624654704 0.0007692500474484878 -0.0009397771624827964 -0.230584979 -0.0007649932165865131 0.9999894858108774 0.004521175964177147 -0.048021957 0.0009432455296476827 -0.004520453637078587 0.999989336811733 -0.039127178
0.9999992441330893 0.0008051117991007313 -0.0009291855358033811 -0.229976684 -0.0008009544523763489 0.9999897078870982 0.0044654956918410696 -0.047950171 0.0009327715337723036 -0.004464748010759558 0.9999895969466315 -0.041360326
0.9999992333220414 0.000846720099257621 -0.0009034814051441049 -0.23036474 -0.0008427093052151386 0.9999898312989153 0.00443004059469616 -0.047082931 0.0009072235682740062 -0.004429275755387697 0.9999897782336303 -0.043929458
0.999999179888653 0.0009350717419366639 -0.0008750509128823234 -0.230101153 -0.0009312275368456869 0.9999899606806535 0.004382868029356927 -0.046051949 0.000879140794938427 -0.004382049489174021 0.999990011421076 -0.048995055
0.999999150579153 0.0009845018835282 -0.0008540760106068255 -0.230052263 -0.0009807854167978708 0.9999900976048881 0.004340620886377431 -0.04538333 0.0008583412822189498 -0.004339779459187851 0.9999902138634795 -0.052085016
0.9999991447101133 0.0010085057206704075 -0.0008326739207042529 -0.230011642 -0.0010049165158743567 0.9999902521560712 0.004299306102344778 -0.044667959 0.0008370020567291778 -0.004298465584009155 0.999990410427097 -0.053864021
0.9999991123213725 0.0010589700191923975 -0.0008085708199691687 -0.230060294 -0.0010555156087239006 0.9999903664902797 0.00426041802518508 -0.043788411 0.0008130750716841427 -0.004259560710687591 0.9999905966754182 -0.057096291
0.9999991403411567 0.0010308872272083742 -0.0008102121783329437 -0.230272919 -0.0010274547393592278 0.9999905450310452 0.004225232987881782 -0.044279002 0.0008145606224883725 -0.004224396828908806 0.9999907446594474 -0.056094814
0.9999991621147944 0.0010147797375087326 -0.0008036499934970745 -0.230316371 -0.001011405513931287 0.9999907196706002 0.004187612417212321 -0.044321291 0.000807892390170578 -0.004186796024974603 0.9999909082318154 -0.055724967
0.9999991538709686 0.00102287238297019 -0.0008036492389683436 -0.231713504 -0.0010195082327896284 0.9999907639013017 0.00417507077043257 -0.044724688 0.0008079127269771669 -0.004174247843983767 0.9999909606915393 -0.056680933
0.9999989888203279 0.0011071606994119162 -0.0008924081463978743 -0.235716671 -0.0011033945601748437 0.9999905310859575 0.004209364475194246 -0.050109364 0.0008970605100304755 -0.004208375461639382 0.9999907416483413 -0.061900787
0.9999989664637731 0.0011059359717904733 -0.0009185941124600388 -0.234825581 -0.0011021085709093663 0.9999907542149556 0.00415636779667225 -0.05203452 0.0009231826553150244 -0.0041553510308499665 0.9999909396452529 -0.062382445
0.9999989808215309 0.0010524486511814652 -0.0009646506641779499 -0.236468688 -0.0010484376876135856 0.999990843612039 0.004148742159277074 -0.055113792 0.0009690085048461251 -0.004147726476709601 0.9999909279546376 -0.059880156
0.9999988903014446 0.0010947542995838183 -0.0010103173253452507 -0.233385995 -0.001090644534985393 0.9999911663360511 0.004059114258785525 -0.058225431 0.0010147524686624488 -0.0040580077736633545 0.9999912507253754 -0.062835261
0.9999988859287987 0.0010755029340485396 -0.0010350212684534928 -0.232483506 -0.0010713455974912026 0.9999913910884382 0.004008576824421356 -0.060160756 0.0010393239139143836 -0.004007463410363813 0.9999914293477914 -0.062263519
0.9999986546671162 0.0010502339803450012 -0.0012599507937236885 -0.227725983 -0.0010453213658083134 0.9999918748672055 0.0038931113266209324 -0.073832147 0.0012640295321949165 -0.003891788939010985 0.9999916274574702 -0.061299745
0.9999986494269878 0.0010100709283468747 -0.0012964208200581299 -0.22904785 -0.001005030413778028 0.999991957346637 0.003882525051489397 -0.076610059 0.001300332299972925 -0.003881216771551167 0.9999916220093972 -0.059450023
0.9999986726103278 0.0010083702796953057 -0.0012797575959117905 -0.2284462 -0.0010034493233376757 0.9999921239685262 0.0038397888091917243 -0.076266192 0.0012836197181252224 -0.003838499449358831 0.9999918085092371 -0.05985612
0.9999986468578962 0.000997597540218985 -0.0013080113156728713 -0.229745746 -0.0009925817446379632 0.9999921744154632 0.0038294650419629954 -0.078600787 0.0013118216092101482 -0.0038281614614791553 0.9999918115498195 -0.059709784
0.9999982884773195 0.0008855508274273005 -0.0016243793836177925 -0.225902289 -0.0008794793692059245 0.9999926399743795 0.003734368458495186 -0.09838178 0.0016276746262754251 -0.003732933360871231 0.9999917073411744 -0.053396042
0.9999982882377745 0.0008015031782076383 -0.001667598326637924 -0.225410119 -0.0007953355379214084 0.9999928542999684 0.0036956501819850177 -0.101820759 0.0016705486840561737 -0.0036943174661647157 0.9999917800567654 -0.048707061
0.9999978645096477 0.0007620575803138047 -0.001920927407368324 -0.227289543 -0.0007549531040844031 0.9999928834573077 0.003696233195384924 -0.11823158 0.001923730664808836 -0.003694774995628068 0.9999913233379167 -0.046651371
0.9999979242180683 0.0007128952532877536 -0.0019086827730741506 -0.226910248 -0.0007059050235437646 0.9999930515988327 0.0036602661674756632 -0.118427038 0.0019112790659989757 -0.0036589111326829314 0.9999914791003943 -0.043985862
0.9999979943583089 0.0005048876206990422 -0.0019380689217180006 -0.228090048 -0.0004978114143737316 0.9999932155617925 0.0036496774971403836 -0.121194765 0.001939898567086315 -0.0036487053221490122 0.9999914612886157 -0.031336486
0.9999979285647598 0.0003971700144976707 -0.0019962117209629216 -0.228627339 -0.0003899231599794557 0.9999933381585391 0.0036291540740584585 -0.125814795 0.001997639903645666 -0.0036283681378172466 0.9999914216126411 -0.024795104
0.9999978791173603 0.00034547494151482706 -0.002030306595933617 -0.227875531 -0.0003381868004109606 0.9999935030058806 0.003588700341409658 -0.128971964 0.002031533287134135 -0.0035880060642634547 0.9999914989793299 -0.021707699
0.9999979031205687 0.00027966914839809575 -0.002028616199096461 -0.228869617 -0.0002724128737654134 0.9999935681137304 0.0035761344081594658 -0.129871503 0.002029603345979001 -0.0035755742540813595 0.9999915474379132 -0.017667778
0.9999978865149473 0.0002664283626740812 -0.0020385601715684144 -0.227443904 -0.0002592382311448374 0.9999937485944728 0.0035263034804602213 -0.131525472 0.002039486990656016 -0.003525767522732573 0.9999917041952011 -0.016953837
0.9999978957795106 0.0002507265847622642 -0.0020360068090286305 -0.229322836 -0.00024354192585607912 0.9999937463086123 0.0035280718476690077 -0.132377163 0.0020368787094640186 -0.0035275685410290393 0.9999917031673312 -0.016064744
0.9999978815876056 0.00015610383697983114 -0.002052365713477138 -0.22989662 -0.0001488993565540232 0.9999938291543644 0.0035098095457401697 -0.134455875 0.0020529009745708987 -0.0035094964963412047 0.9999917340001585 -0.009989478
0.9999977832170004 0.00018217623730459314 -0.002097645934732279 -0.225825712 -0.0001749978830233324 0.9999941307328192 0.0034215788747774824 -0.138473302 0.002098256988520393 -0.0034212041847787645 0.9999919458451169 -0.01178747
0.9999977448068675 0.00011745191682557736 -0.002120455436717212 -0.223326713 -0.00011033015664918177 0.9999943547775753 0.003358214108861967 -0.141031533 0.0021208379165799903 -0.003357972571606237 0.9999921125563956 -0.007574212
0.9999978004804352 3.5525575026134384e-05 -0.002097028194809107 -0.219306201 -2.8661354044597813e-05 0.9999946427964306 0.0032730658866003148 -0.140512764 0.002097133243999916 -0.0032729985800121326 0.9999924443069176 -0.00215039
0.9999978531491053 7.0214531690393534e-06 -0.002072055090845297 -0.215033993 -4.2051162244239774e-07 0.9999949259832884 0.00318550635124126 -0.139872298 0.002072066944737185 -0.0031854986406878003 0.9999927791462402 -0.000251181
0.999997995968591 -2.4018653664591187e-05 -0.0020018154809887173 -0.212548956 3.0275635616573074e-05 0.9999951148498453 0.003125513017494433 -0.136128396 0.0020017306266173684 -0.003125567363042314 0.999993111555446 0.001846112
0.999998055194661 -6.979360654967758e-05 -0.0019709207299889956 -0.214231983 7.595725389084569e-05 0.9999951070742497 0.00312722508003424 -0.135007918 0.001970692813960849 -0.0031273687115686544 0.9999931675800402 0.00499225
0.9999980655217675 -0.0001237828788869018 -0.0019630148685273034 -0.215532035 0.0001299140367008616 0.9999951136240277 0.003123353529879451 -0.135441929 0.0019626186380020147 -0.0031236025240796578 0.9999931952372263 0.008753033
0.9999981366908717 -0.00019448288835338776 -0.0019205723945040659 -0.218889967 0.0002005307437223085 0.9999950211057553 0.003149132541260854 -0.133465528 0.0019199503475911912 -0.0031495118268937473 0.9999931968077214 0.013727481
0.9999981538230925 -0.0002301879658513197 -0.0019076623211967756 -0.220485032 0.00023619553748486597 0.9999950125028197 0.003149392362477671 -0.133517921 0.0019069278170420801 -0.0031498371521616296 0.9999932207072648 0.016324311
0.9999981747544746 -0.0003010603000710541 -0.0018867079286021982 -0.218794137 0.00030691416427504223 0.9999951383105111 0.0031030098267196913 -0.132986784 0.00188576451549408 -0.00310358324919322 0.9999934054781779 0.021432249
0.9999976083336353 -0.0002235781137791319 -0.0021755694949759283 -0.21623832 0.00023020299800611312 0.9999953366347015 0.0030452016206724427 -0.154449105 0.0021748784747980397 -0.003045695184662451 0.9999929964503952 0.016110085
0.9999976266988536 -0.00027487769864864786 -0.0021612049426182195 -0.212712452 0.00028130605125916325 0.9999955362513676 0.002974543274871982 -0.154504657 0.0021603776194769227 -0.002975144204798615 0.999993240289357 0.019884609
0.9999975997120034 -0.0003424981143760731 -0.0021640318334412863 -0.209649161 0.0003487978637783088 0.9999957012072913 0.002911269892723345 -0.155782089 0.0021630253777341836 -0.002912017750581638 0.9999934203979852 0.024887938
0.9999975113436734 -0.0003825936244680143 -0.0021978834948857265 -0.207199618 0.0003888734370521205 0.9999958419388472 0.00285735663703445 -0.159314692 0.002196781097089543 -0.0028582042648778584 0.9999935020804432 0.027967103
0.9999975351842033 -0.00039429696336304123 -0.0021849311590548337 -0.206138328 0.0004004652154033862 0.9999959342809513 0.0028232371006593456 -0.159467012 0.0021838090292829945 -0.002824105171549061 0.9999936273848025 0.029010274
0.9999975330153045 -0.00046724009913059854 -0.0021715021705359674 -0.20458515 0.00047328259165435116 0.9999960157566121 0.002782823341561127 -0.159565195 0.0021701932115171054 -0.0027838442577962086 0.9999937699285847 0.034565918
0.9999973538561677 -0.00049945999459146 -0.0022455686975116217 -0.20105511 0.0005055592623119584 0.999996182977673 0.002716264237987631 -0.166129678 0.0022442033984761563 -0.0027173923699169086 0.9999937893620959 0.037187528
0.9999974191951088 -0.0005157754639112254 -0.002212542950886925 -0.201486021 0.0005217574119930405 0.9999962084222261 0.0027038063582580495 -0.164790124 0.0022111399416867733 -0.002704953842629018 0.9999938967489133 0.038649961
0.9999972828093341 -0.0005175211633013503 -0.002272950566454976 -0.200552985 0.0005235972624530591 0.9999962894283192 0.0026733210968968874 -0.170427203 0.0022715585704014855 -0.0026745039962388414 0.9999938432324437 0.039043799
0.9999971659082334 -0.0005305599743036218 -0.002320869025321262 -0.201708719 0.0005367585931842609 0.999996288938551 0.0026708938272800545 -0.175180033 0.0023194432805463423 -0.002672132058418293 0.9999937396524177 0.040293172
0.9999971746891259 -0.0005335226343613479 -0.0023164029879095493 -0.201375216 0.0005396584632482196 0.9999963458057815 0.002648929503769781 -0.176000774 0.0023149811979402183 -0.002650172139979133 0.9999938084376989 0.040782776
0.9999970864865912 -0.0005441837307103775 -0.002351729892013373 -0.201982453 0.0005503910802544624 0.9999963648165234 0.0026395289033391187 -0.179860324 0.0023502848926322574 -0.0026408156391570423 0.9999937508403726 0.041869409
0.999997130258015 -0.0005488687681028778 -0.002331947000259237 -0.203908414 0.000555042204352792 0.9999963414457566 0.002647397729221376 -0.179511786 0.0023304853331450118 -0.0026486845151320933 0.9999937763724476 0.0425025
0.9999969390281895 -0.000584091259078607 -0.0024042705439329152 -0.20541808 0.0005904618495442386 0.9999963149799173 0.0026497310502430465 -0.186279014 0.0024027139346140033 -0.0026511426282750782 0.9999935989173473 0.045515977
0.9999969797015106 -0.0005854282716640945 -0.002386967404453098 -0.205076158 0.0005917020079792407 0.9999963706433563 0.002628362720680488 -0.186131358 0.0023854199598683885 -0.0026297672133567245 0.9999936967691468 0.045910116
0.9999970308690882 -0.0005947645664593122 -0.0023631054178499065 -0.205341548 0.0006009439697734183 0.9999964001806331 0.0026149952288062224 -0.185450509 0.002361541541150627 -0.0026164076157913184 0.9999937884950901 0.046933614
0.9999970506976964 -0.0006069289843900247 -0.0023515945319201956 -0.206321105 0.0006130684683942365 0.9999964037073622 0.0026108296170969055 -0.18572107 0.002350001422916679 -0.002612263662871136 0.9999938265195933 0.048191983
0.9999970502095195 -0.0006033697111593859 -0.0023527184066728657 -0.208413184 0.0006095353949558826 0.9999963799858287 0.0026207242263026737 -0.18698591 0.002351128561295159 -0.002622150617277583 0.9999937979957696 0.048215039
0.9999970597312422 -0.0006099497893685415 -0.002346968347896674 -0.207261562 0.0006160281862227859 0.9999964562126091 0.0025899410515228577 -0.187701866 0.0023453802347079326 -0.002591379291233441 0.9999938917152114 0.049041189
0.999997085247878 -0.0006099716532829557 -0.0023360662329873364 -0.207478985 0.00061599054464326 0.9999964908172702 0.0025765554614299324 -0.18799758 0.002334486348562031 -0.0025779870013453465 0.9999939518266432 0.049347036
0.9999970771304248 -0.0006333626349331885 -0.0023333151615474866 -0.207938626 0.0006393504929888652 0.999996502539659 0.0025662955546359115 -0.188940153 0.0023316815429109913 -0.0025677799164452618 0.9999939846364496 0.051547006
0.9999970673893707 -0.0006164760888832352 -0.0023419968285996813 -0.209837556 0.0006225039606073424 0.9999964937188938 0.002573863790225855 -0.190815523 0.0023404018313879153 -0.0025753141989751194 0.999993944891798 0.050490495
0.9999970712281582 -0.0006233722804444377 -0.0023385303781776126 -0.210439101 0.0006293716596198749 0.9999965109277307 0.0025654949308842865 -0.191701308 0.002336922900686574 -0.0025669592763226975 0.9999939745135417 0.051364571
0.9999971024781059 -0.0006269291795041871 -0.002324173476168527 -0.210875496 0.0006328678640278725 0.9999965349978034 0.0025552330849041467 -0.191685528 0.0023225634135841987 -0.0025566966295190695 0.9999940342638538 0.051968697
0.9999970558264919 -0.0006402769224356604 -0.002340549109162427 -0.2108192 0.0006462198196385762 0.9999965674591116 0.002539137809752741 -0.194205418 0.0023389152644999766 -0.002540642897930754 0.9999940370703624 0.053391717
0.9999970701373854 -0.000642838162876174 -0.002333723557055845 -0.21127601 0.0006487410034511052 0.9999965905077567 0.002529399825541672 -0.194805279 0.002332089546918954 -0.0025309064509299773 0.99999407770556 0.053925529
0.9999970638171529 -0.0006462428264851907 -0.0023354912175888452 -0.212562889 0.0006521507331680461 0.9999965876450132 0.00252965530354929 -0.196119815 0.002333848418266828 -0.0025311710220297444 0.9999940729348511 0.054534629
0.9999970335241065 -0.000634917515201676 -0.0023515133456245996 -0.212393284 0.0006408260995296975 0.9999966377558048 0.0025126845329126357 -0.198642701 0.0023499100357081805 -0.0025141840427198177 0.9999940781758461 0.05390222
0.9999970563046489 -0.0006334332355841963 -0.002342208501545507 -0.213023469 0.0006393011827754735 0.9999966572138689 0.0025053190934147635 -0.199027434 0.002340613664481303 -0.0025068091467409376 0.9999941184969872 0.054093249
0.9999970748339498 -0.0006366426790516534 -0.0023334115747787798 -0.213535339 0.0006424683549984831 0.9999966768663202 0.0024966504450466428 -0.199445829 0.0023318142916894553 -0.0024981423360441236 0.9999941607467538 0.054684032
0.9999971032062888 -0.000634083782255178 -0.002321921824765772 -0.21334891 0.0006398420488336396 0.9999967200573687 0.0024799707513646426 -0.199624673 0.002320341646350169 -0.002481449280594046 0.9999942290003393 0.054780826
0.999997062143103 -0.0006709467153527962 -0.0023292357874293286 -0.213531017 0.0006766945361141504 0.9999967261748325 0.0024676923140903567 -0.201414287 0.002327572416290734 -0.002469261297915767 0.9999942423687003 0.058287606
0.9999970772104328 -0.0006648562269144363 -0.0023245093503404014 -0.21429953 0.0006705799628756282 0.9999967434683658 0.00246234848504838 -0.202168047 0.0023228646184563955 -0.0024639001087632243 0.9999942665423067 0.058093566
