0.828319 -0.363645 0.42621 0.773986 -0.553495 -0.648998 0.521967 -0.0496584 0.0867962 -0.668259 -0.738855 1.23679
0.838002 -0.358346 0.411516 0.785364 -0.539578 -0.656551 0.527068 -0.0528194 0.0813072 -0.663728 -0.743548 1.23687
0.842447 -0.354382 0.405834 0.790138 -0.532965 -0.658524 0.531318 -0.0557006 0.0789594 -0.663902 -0.743646 1.2359
0.856722 -0.350491 0.378402 0.824512 -0.512239 -0.664013 0.544705 -0.0738871 0.0603477 -0.660492 -0.748411 1.23735
0.857644 -0.350768 0.376049 0.82858 -0.510945 -0.663978 0.545961 -0.074667 0.0581809 -0.66038 -0.748682 1.23715
0.858863 -0.350932 0.373103 0.830822 -0.509051 -0.665568 0.545794 -0.0756739 0.0567869 -0.65869 -0.750275 1.23619
0.858064 -0.354236 0.371816 0.837456 -0.510351 -0.668827 0.540571 -0.0754936 0.0571886 -0.653601 -0.754683 1.23652
0.857194 -0.358354 0.369873 0.839666 -0.51208 -0.669424 0.538192 -0.077047 0.0547365 -0.650739 -0.757333 1.23608
0.856532 -0.35899 0.370788 0.840986 -0.512843 -0.672577 0.533513 -0.0770075 0.0578558 -0.647126 -0.760191 1.23581
0.857349 -0.358843 0.369039 0.842277 -0.510791 -0.681732 0.523774 -0.079008 0.063631 -0.637557 -0.767777 1.23356
0.857491 -0.359097 0.36846 0.841674 -0.510416 -0.683799 0.521439 -0.0827153 0.0647038 -0.635196 -0.769642 1.23065
0.85764 -0.360439 0.366799 0.841605 -0.509825 -0.689347 0.514668 -0.0838013 0.0673433 -0.628402 -0.774975 1.22919
0.845654 -0.400553 0.352748 0.853359 -0.532369 -0.680263 0.503815 -0.0905032 0.0381548 -0.613844 -0.788511 1.2322
0.840563 -0.413553 0.349904 0.856409 -0.54034 -0.686086 0.487159 -0.0896118 0.0385962 -0.598553 -0.800159 1.23168
0.833394 -0.426925 0.350992 0.861924 -0.55115 -0.68925 0.47029 -0.0849116 0.0411404 -0.585384 -0.809718 1.23564
0.816187 -0.448624 0.364117 0.872186 -0.576706 -0.671142 0.465815 -0.0848216 0.0353963 -0.590178 -0.806503 1.24236
0.812154 -0.4523 0.36856 0.876293 -0.582328 -0.667497 0.464055 -0.0834778 0.0361181 -0.591505 -0.805499 1.24566
0.804543 -0.457234 0.379017 0.883949 -0.593346 -0.646348 0.479771 -0.0860091 0.025607 -0.610882 -0.791314 1.25272
0.787753 -0.49777 0.362873 0.896298 -0.615233 -0.606476 0.503668 -0.0940309 -0.0306388 -0.620015 -0.783999 1.2605
0.78409 -0.480742 0.39255 0.899933 -0.620651 -0.607045 0.496282 -0.0956374 -0.00028961 -0.632764 -0.774352 1.25432
0.776708 -0.47595 0.412556 0.908009 -0.629405 -0.611517 0.479482 -0.0938905 0.0240734 -0.63208 -0.774536 1.24926
0.775011 -0.47304 0.419045 0.909636 -0.631239 -0.610967 0.477769 -0.0942606 0.0300173 -0.634791 -0.772108 1.24841
0.768752 -0.466362 0.437646 0.914537 -0.638155 -0.604543 0.476753 -0.0926806 0.0422346 -0.645788 -0.762355 1.24764
0.761968 -0.45994 0.455924 0.933631 -0.645877 -0.591287 0.482938 -0.102207 0.0474577 -0.662452 -0.747608 1.25691
0.75881 -0.458484 0.46261 0.936999 -0.649099 -0.590902 0.479075 -0.103709 0.0537067 -0.663804 -0.745984 1.25873
0.755215 -0.457818 0.469106 0.93748 -0.652809 -0.589894 0.47526 -0.0998799 0.0591387 -0.665158 -0.744365 1.26317
0.755874 -0.455112 0.470676 0.935558 -0.651879 -0.590058 0.476332 -0.0948266 0.0609396 -0.666868 -0.742688 1.2678
0.756551 -0.452709 0.471903 0.93424 -0.650951 -0.590263 0.477348 -0.0928593 0.062445 -0.668321 -0.741256 1.26923
0.778405 -0.425159 0.461881 0.927139 -0.624323 -0.601256 0.498718 -0.0827031 0.0656722 -0.676564 -0.733458 1.27795
0.780708 -0.42603 0.457166 0.919399 -0.621859 -0.60175 0.501193 -0.0719289 0.0615741 -0.675576 -0.734723 1.2818
0.782734 -0.436478 0.443645 0.907334 -0.620992 -0.595003 0.510244 -0.0549195 0.0412576 -0.674882 -0.736779 1.28882
0.783704 -0.436128 0.442276 0.903898 -0.619943 -0.593393 0.513384 -0.05059 0.0385409 -0.676524 -0.73542 1.29061
0.787886 -0.430356 0.440496 0.891682 -0.614726 -0.592359 0.520799 -0.0377948 0.0368004 -0.681111 -0.731263 1.29464
0.803844 -0.406529 0.434256 0.861628 -0.593248 -0.601365 0.535187 -0.00771115 0.0435754 -0.687825 -0.724576 1.30391
0.813081 -0.394818 0.427816 0.845367 -0.580446 -0.606109 0.543804 0.0074369 0.0445974 -0.690477 -0.721986 1.30829
0.826919 -0.378363 0.416 0.816705 -0.560487 -0.614396 0.55532 0.0316337 0.045474 -0.692364 -0.720123 1.31459
0.832396 -0.373799 0.409146 0.800448 -0.552462 -0.617929 0.559426 0.046154 0.0437078 -0.691699 -0.720871 1.3185
0.836942 -0.36986 0.40341 0.784326 -0.545586 -0.622085 0.561564 0.0585284 0.043253 -0.690089 -0.72244 1.3206
0.840079 -0.365785 0.400597 0.760975 -0.540392 -0.628893 0.558999 0.0750944 0.0474567 -0.68608 -0.725986 1.32188
0.839014 -0.362877 0.405444 0.745812 -0.541393 -0.631212 0.555405 0.088742 0.0543744 -0.685494 -0.726054 1.32505
0.834373 -0.360102 0.417322 0.721957 -0.547214 -0.632114 0.548633 0.104343 0.0662289 -0.686126 -0.724471 1.32727
0.831445 -0.357022 0.425726 0.701411 -0.550478 -0.633266 0.544019 0.117365 0.0753683 -0.686672 -0.723059 1.32842
0.817412 -0.353385 0.454935 0.65356 -0.566468 -0.636612 0.523304 0.149124 0.104687 -0.685459 -0.720556 1.32997
0.800045 -0.359008 0.480678 0.631539 -0.587793 -0.629502 0.508169 0.166548 0.120149 -0.689094 -0.714652 1.33513
0.780598 -0.3678 0.505371 0.618138 -0.611579 -0.616348 0.496081 0.175564 0.129023 -0.696311 -0.706059 1.33752
0.767345 -0.373731 0.521073 0.613402 -0.62725 -0.60629 0.488854 0.185363 0.133219 -0.701959 -0.699657 1.34295
0.751243 -0.384102 0.536758 0.609611 -0.645779 -0.595831 0.477456 0.195097 0.136422 -0.705309 -0.695659 1.34634
0.744824 -0.382297 0.546897 0.610449 -0.652454 -0.589001 0.476855 0.201454 0.13982 -0.711994 -0.688134 1.34961
0.732457 -0.38266 0.563106 0.615105 -0.664107 -0.583716 0.467169 0.212325 0.149925 -0.71614 -0.681674 1.35161
0.715193 -0.389912 0.580068 0.626987 -0.681499 -0.573244 0.454929 0.230959 0.155135 -0.720674 -0.675704 1.35377
0.684107 -0.400921 0.60932 0.647637 -0.711269 -0.551734 0.43554 0.262998 0.161563 -0.731343 -0.662608 1.35469
0.672035 -0.417661 0.611506 0.661787 -0.724853 -0.540003 0.427779 0.283219 0.151546 -0.73073 -0.665644 1.35855
0.669152 -0.421586 0.611974 0.666501 -0.728091 -0.536781 0.426335 0.29058 0.148757 -0.730851 -0.66614 1.3601
0.650217 -0.427743 0.627905 0.681329 -0.744761 -0.522227 0.415475 0.315329 0.15019 -0.737785 -0.658127 1.36332
0.629235 -0.437455 0.642424 0.692282 -0.763418 -0.502962 0.405257 0.339108 0.145831 -0.745435 -0.650442 1.36735
0.617764 -0.442382 0.650136 0.694667 -0.770997 -0.503413 0.390064 0.347436 0.154727 -0.742216 -0.652065 1.36702
0.596499 -0.449511 0.664936 0.696524 -0.785554 -0.4969 0.368789 0.360708 0.164629 -0.742322 -0.649515 1.37012
0.554866 -0.464882 0.689942 0.694843 -0.813091 -0.478587 0.331435 0.377358 0.176117 -0.744883 -0.643543 1.37449
0.51119 -0.494536 0.702945 0.686117 -0.843169 -0.447113 0.29861 0.391495 0.166621 -0.745342 -0.645537 1.37752
0.448719 -0.526173 0.722361 0.669634 -0.877121 -0.414172 0.24317 0.412283 0.17123 -0.742708 -0.647364 1.38084
0.400227 -0.557597 0.727266 0.648534 -0.901223 -0.383415 0.201994 0.435147 0.166212 -0.736267 -0.655972 1.38154
0.359978 -0.586575 0.725505 0.631449 -0.919526 -0.354586 0.169563 0.447386 0.157791 -0.728155 -0.667014 1.38009
0.342928 -0.597355 0.724969 0.620079 -0.925933 -0.345011 0.153711 0.454743 0.158301 -0.723979 -0.671424 1.37912
0.330134 -0.607968 0.72208 0.608368 -0.9308 -0.336866 0.141931 0.464256 0.156953 -0.718963 -0.677107 1.3783
0.340383 -0.618655 0.708109 0.569821 -0.92869 -0.339128 0.15013 0.498891 0.147259 -0.70871 -0.689971 1.37666
0.371971 -0.618899 0.691819 0.542893 -0.918029 -0.355577 0.1755 0.52676 0.137376 -0.700386 -0.700431 1.37467
0.380294 -0.618123 0.687978 0.536871 -0.914671 -0.361535 0.180778 0.533108 0.136983 -0.698017 -0.702868 1.37339
0.397572 -0.616381 0.679723 0.525892 -0.907823 -0.371957 0.193695 0.546262 0.133436 -0.694071 -0.707444 1.37206
0.427026 -0.616405 0.661594 0.503757 -0.896034 -0.386835 0.217934 0.572538 0.12159 -0.685868 -0.717507 1.36971
0.446826 -0.611682 0.652844 0.486418 -0.887108 -0.397355 0.234863 0.591144 0.115748 -0.68408 -0.720176 1.36736
0.46679 -0.610353 0.639992 0.468849 -0.876991 -0.412784 0.245985 0.616826 0.114039 -0.676085 -0.727956 1.36325
0.482592 -0.61324 0.625344 0.456566 -0.867948 -0.430549 0.247602 0.642318 0.1174 -0.662251 -0.740039 1.35736
0.488247 -0.613237 0.620942 0.455899 -0.86451 -0.43718 0.248011 0.64982 0.119372 -0.657895 -0.7436 1.3568
0.50684 -0.60619 0.612912 0.452061 -0.853314 -0.453751 0.256865 0.670161 0.122398 -0.65319 -0.747247 1.35446
0.526041 -0.600827 0.601915 0.454634 -0.841216 -0.471691 0.264341 0.716423 0.125092 -0.64539 -0.753553 1.34782
0.523502 -0.607819 0.597089 0.460418 -0.845392 -0.45786 0.275118 0.741549 0.10616 -0.648794 -0.753535 1.34316
0.52191 -0.610444 0.595803 0.463358 -0.846877 -0.454411 0.276268 0.749518 0.102091 -0.648754 -0.754131 1.3411
0.498595 -0.624717 0.600954 0.469215 -0.858967 -0.449302 0.245595 0.789854 0.11658 -0.638647 -0.76063 1.33207
0.424927 -0.647669 0.632437 0.475191 -0.899067 -0.383371 0.21147 0.874716 0.105494 -0.658457 -0.745201 1.33132
0.411937 -0.65412 0.634389 0.475651 -0.90471 -0.376667 0.199087 0.889932 0.108725 -0.655943 -0.746951 1.33394
0.360876 -0.666141 0.652717 0.462049 -0.924793 -0.346088 0.158098 0.928587 0.12058 -0.660676 -0.740936 1.33504
0.311044 -0.689304 0.654314 0.446429 -0.943783 -0.305137 0.127197 0.958046 0.111977 -0.657088 -0.745463 1.34039
0.272909 -0.708697 0.650603 0.424913 -0.957764 -0.263889 0.114304 0.981211 0.0906792 -0.654312 -0.75078 1.3444
0.223687 -0.715855 0.661461 0.396671 -0.971124 -0.221519 0.0886726 1.00814 0.0830484 -0.662189 -0.744733 1.35107
0.194375 -0.714421 0.672187 0.368843 -0.97766 -0.19704 0.0732883 1.02796 0.0800884 -0.671409 -0.736759 1.36024
0.168064 -0.716582 0.676963 0.346714 -0.981745 -0.183766 0.0492095 1.04135 0.0891396 -0.672869 -0.734384 1.3636
0.14248 -0.717595 0.681741 0.325163 -0.985743 -0.165213 0.0321136 1.05105 0.0895873 -0.676591 -0.730902 1.36742
0.0949451 -0.721956 0.685405 0.275483 -0.991098 -0.133155 -0.00296383 1.06905 0.0934045 -0.679016 -0.72817 1.36603
0.07382 -0.716794 0.693377 0.258924 -0.993596 -0.112566 -0.0105834 1.0763 0.0856361 -0.688148 -0.720512 1.37092
0.0559549 -0.70994 0.702046 0.249192 -0.994636 -0.10096 -0.022819 1.07761 0.0870783 -0.696997 -0.71178 1.37399
0.0424469 -0.701341 0.711571 0.240951 -0.995012 -0.0940839 -0.0333753 1.07808 0.0903545 -0.706599 -0.701835 1.37812
0.0223058 -0.696285 0.717429 0.228993 -0.995863 -0.0787628 -0.0454777 1.07488 0.0881719 -0.71344 -0.69516 1.38213
0.00553603 -0.696269 0.717769 0.220161 -0.996517 -0.0636271 -0.0540342 1.07139 0.0832919 -0.714964 -0.694196 1.38691
-0.00702481 -0.684956 0.72856 0.203352 -0.996941 -0.051992 -0.0584918 1.06787 0.0779435 -0.726735 -0.682494 1.39204
-0.0108595 -0.686026 0.727506 0.197534 -0.996892 -0.0494148 -0.0614768 1.06741 0.0781242 -0.725906 -0.683356 1.39328
-0.00920128 -0.683856 0.729569 0.178759 -0.997833 -0.0413355 -0.051329 1.06387 0.0652588 -0.728454 -0.681993 1.40222
0.00267924 -0.683806 0.72967 0.142647 -0.999034 -0.0339663 -0.0281619 1.05807 0.0440416 -0.728882 -0.683234 1.407
0.0157665 -0.675503 0.737199 0.108512 -0.999495 -0.0311983 -0.00720995 1.05312 0.0278699 -0.736706 -0.675652 1.4154
0.0376652 -0.671697 0.739878 0.0561672 -0.999175 -0.0369524 0.0173192 1.05451 0.0157072 -0.739913 -0.672533 1.4094
0.0463802 -0.679431 0.732283 0.0387812 -0.998797 -0.0435648 0.0228409 1.05491 0.0163831 -0.732455 -0.680632 1.40747
0.0688904 -0.681641 0.728447 0.00128732 -0.997591 -0.0536843 0.0441101 1.05603 0.00903907 -0.729724 -0.683695 1.40577
0.0871028 -0.687296 0.721147 -0.0320545 -0.996203 -0.0622646 0.0609843 1.05792 0.00298788 -0.723714 -0.690107 1.40424
0.0995702 -0.688764 0.718127 -0.065641 -0.995034 -0.0667818 0.0739142 1.06134 -0.0029515 -0.721913 -0.691991 1.40248
0.104547 -0.689621 0.716595 -0.120426 -0.994445 -0.063203 0.0842609 1.0739 -0.012817 -0.721416 -0.692396 1.40066
0.0887535 -0.697385 0.711191 -0.143326 -0.996039 -0.0573908 0.0680259 1.08572 -0.0066243 -0.714404 -0.699715 1.39999
0.073483 -0.707667 0.702726 -0.170431 -0.997217 -0.0428185 0.0611592 1.09549 -0.0131904 -0.705257 -0.708842 1.39709
0.0651283 -0.713281 0.697857 -0.201068 -0.997687 -0.0325997 0.0597911 1.10994 -0.0198976 -0.70013 -0.713752 1.39312
0.0520912 -0.722321 0.689605 -0.22592 -0.998477 -0.0248021 0.0494451 1.12419 -0.0186112 -0.691123 -0.72251 1.38939
0.0409002 -0.729497 0.682771 -0.247454 -0.999003 -0.0173104 0.0413499 1.1366 -0.0183452 -0.683774 -0.729476 1.38745
0.0351915 -0.731126 0.681346 -0.263412 -0.999129 -0.0101927 0.0406689 1.14552 -0.022789 -0.682176 -0.730845 1.38574
0.0294559 -0.736958 0.675308 -0.289041 -0.999211 -0.00350776 0.0397573 1.15776 -0.0269303 -0.675939 -0.736478 1.37856
0.0274501 -0.743998 0.667629 -0.307149 -0.999017 0.00299526 0.0444145 1.16896 -0.0350436 -0.668185 -0.743182 1.37498
0.0370177 -0.747179 0.663603 -0.326345 -0.998648 -0.00326798 0.0520292 1.17829 -0.036706 -0.664625 -0.746287 1.37098
0.0488219 -0.753494 0.655651 -0.345698 -0.998363 -0.017048 0.0547504 1.19201 -0.0300762 -0.657244 -0.75309 1.36813
0.0596909 -0.7566 0.651159 -0.362002 -0.997791 -0.0259848 0.0612749 1.20107 -0.0294401 -0.653371 -0.756477 1.36334
0.0677951 -0.757884 0.648869 -0.373079 -0.997373 -0.0346555 0.0637307 1.20921 -0.0258133 -0.651479 -0.75824 1.35907
0.0936041 -0.771954 0.628761 -0.389777 -0.995191 -0.0540598 0.0817846 1.22821 -0.0291431 -0.633386 -0.773299 1.34753
0.115277 -0.7759 0.620247 -0.397181 -0.9929 -0.0713765 0.0952485 1.23986 -0.0296321 -0.626816 -0.778615 1.34564
0.151002 -0.77606 0.612328 -0.407783 -0.987942 -0.0968932 0.120829 1.25485 -0.0344396 -0.623183 -0.781329 1.34303
0.177059 -0.774506 0.607294 -0.413063 -0.983448 -0.114967 0.140106 1.26689 -0.0386937 -0.622043 -0.782039 1.34364
0.199964 -0.773874 0.600957 -0.418459 -0.978911 -0.131486 0.156406 1.2794 -0.0420209 -0.619552 -0.783842 1.34252
0.216777 -0.771448 0.598241 -0.421771 -0.975314 -0.144595 0.166953 1.28838 -0.0422924 -0.619657 -0.783744 1.34268
0.241614 -0.765944 0.595792 -0.426676 -0.969337 -0.162023 0.184804 1.30146 -0.0450178 -0.622167 -0.781601 1.34285
0.268441 -0.762346 0.588885 -0.43107 -0.962306 -0.184383 0.199969 1.31514 -0.0438653 -0.62036 -0.783102 1.34237
0.294639 -0.757528 0.582542 -0.433857 -0.954607 -0.205286 0.215872 1.33032 -0.043941 -0.619696 -0.783623 1.34192
0.318889 -0.750511 0.578843 -0.427702 -0.946726 -0.223149 0.232232 1.34415 -0.0451243 -0.622055 -0.781685 1.34869
0.336085 -0.739395 0.583403 -0.420198 -0.940993 -0.237335 0.241292 1.35885 -0.0399489 -0.630066 -0.775526 1.35115
0.347809 -0.738456 0.577693 -0.408159 -0.93682 -0.249003 0.245731 1.37016 -0.0376149 -0.626654 -0.778402 1.35232
0.350454 -0.738311 0.576278 -0.378163 -0.935774 -0.250358 0.248325 1.38996 -0.0390654 -0.626285 -0.778628 1.35839
0.349967 -0.732457 0.583992 -0.34407 -0.935638 -0.24265 0.25636 1.40686 -0.0460675 -0.636115 -0.770231 1.36638
0.350176 -0.729563 0.587479 -0.302426 -0.936017 -0.248717 0.249058 1.43242 -0.0355881 -0.637097 -0.769975 1.36154
0.344383 -0.725944 0.595335 -0.269314 -0.937951 -0.238471 0.251788 1.44608 -0.0408142 -0.645098 -0.763022 1.36618
0.342766 -0.724596 0.597904 -0.226444 -0.938185 -0.231285 0.257551 1.47462 -0.0483345 -0.649217 -0.759079 1.36722
0.353542 -0.720256 0.596873 -0.193299 -0.93457 -0.244651 0.258346 1.50325 -0.0400497 -0.649148 -0.759621 1.36442
0.354993 -0.72549 0.589628 -0.161886 -0.934784 -0.266513 0.234877 1.54354 -0.0132579 -0.634547 -0.772784 1.35912
0.341282 -0.733261 0.588109 -0.139738 -0.939924 -0.260074 0.22118 1.56505 -0.00923107 -0.628255 -0.777966 1.35739
0.310741 -0.738789 0.598037 -0.109019 -0.950463 -0.235768 0.202607 1.5936 -0.00868611 -0.631363 -0.775452 1.36023
0.258271 -0.749585 0.609454 -0.0726749 -0.965748 -0.183767 0.183241 1.63443 -0.0253566 -0.635898 -0.77137 1.36897
0.223777 -0.751642 0.620464 -0.0564225 -0.973865 -0.14691 0.173266 1.66801 -0.0390811 -0.643013 -0.764871 1.37125
0.195032 -0.755652 0.625276 -0.0330492 -0.979954 -0.123573 0.156323 1.70671 -0.0408577 -0.643222 -0.764603 1.37613
0.176488 -0.761266 0.623974 -0.0113657 -0.983969 -0.119736 0.132231 1.73845 -0.0259507 -0.637301 -0.770192 1.37868
0.157371 -0.761831 0.628384 0.00740449 -0.987429 -0.111534 0.112072 1.75599 -0.015293 -0.638113 -0.769804 1.3819
0.145706 -0.761291 0.631842 0.0236559 -0.989252 -0.103774 0.103093 1.76908 -0.0129142 -0.640064 -0.768227 1.37968
0.134698 -0.772159 0.621003 0.0573291 -0.990856 -0.0993745 0.0913598 1.78004 -0.00883189 -0.627622 -0.778481 1.37533
0.13224 -0.771937 0.621806 0.094408 -0.991154 -0.0954095 0.0923454 1.78744 -0.0119581 -0.62851 -0.777724 1.37526
0.143868 -0.763835 0.629187 0.142944 -0.989342 -0.096357 0.109244 1.79667 -0.0228169 -0.63819 -0.769555 1.37398
0.150536 -0.757556 0.63519 0.180453 -0.988355 -0.100642 0.114205 1.80488 -0.0225897 -0.644977 -0.763882 1.37058
0.158103 -0.75267 0.639147 0.219407 -0.987204 -0.106604 0.118663 1.80907 -0.0211776 -0.649721 -0.759892 1.37252
0.161198 -0.7495 0.642092 0.242272 -0.986805 -0.112034 0.116966 1.81354 -0.0157293 -0.652466 -0.757668 1.37056
0.16126 -0.7522 0.638912 0.275848 -0.986919 -0.124197 0.102878 1.82332 0.00196681 -0.647135 -0.762387 1.36528
0.163051 -0.747618 0.643817 0.292175 -0.986594 -0.118281 0.112512 1.83085 -0.00796434 -0.653523 -0.756879 1.36741
0.156943 -0.742875 0.650788 0.310001 -0.987601 -0.11438 0.107604 1.84552 -0.00549876 -0.659598 -0.751613 1.37077
0.138608 -0.736272 0.662352 0.337485 -0.990354 -0.101477 0.094446 1.8827 -0.00232366 -0.669045 -0.743233 1.37993
0.141825 -0.733442 0.664806 0.349324 -0.989901 -0.105051 0.0952828 1.90579 -4.51775e-05 -0.671597 -0.740932 1.38259
0.143978 -0.733167 0.664647 0.351264 -0.989585 -0.108619 0.0945532 1.91066 0.00287 -0.67133 -0.741168 1.38302
0.152037 -0.730286 0.666022 0.357369 -0.988372 -0.115656 0.098808 1.92525 0.00487151 -0.673292 -0.739376 1.38663
0.178148 -0.719568 0.671196 0.361378 -0.983998 -0.133958 0.117562 1.95322 0.0053183 -0.68139 -0.731916 1.39427
0.195506 -0.712321 0.674088 0.359959 -0.980702 -0.145015 0.131195 1.97005 0.00430003 -0.68672 -0.726925 1.39817
0.217431 -0.708031 0.671888 0.357523 -0.97606 -0.162593 0.144528 1.98607 0.00691396 -0.68722 -0.726432 1.4005
0.241308 -0.702061 0.67 0.352686 -0.970384 -0.183071 0.157666 2.00132 0.0119666 -0.688195 -0.725443 1.4026
0.269115 -0.695535 0.666203 0.345728 -0.963077 -0.200654 0.179551 2.01711 0.00879196 -0.689916 -0.723852 1.40658
0.284088 -0.689275 0.666493 0.340656 -0.958807 -0.204569 0.197126 2.02353 0.000469296 -0.69503 -0.718996 1.40939
0.304157 -0.683457 0.663622 0.333066 -0.95263 -0.217323 0.212801 2.03349 -0.00122001 -0.696902 -0.717181 1.41
0.329685 -0.674949 0.660129 0.326381 -0.9441 -0.235498 0.230724 2.04361 -0.000268517 -0.699285 -0.714859 1.41205
0.35668 -0.666271 0.65489 0.319736 -0.934235 -0.253127 0.251298 2.05377 -0.00166273 -0.701445 -0.712738 1.4159
0.373507 -0.658381 0.653487 0.31439 -0.927617 -0.260467 0.267773 2.06024 -0.00608569 -0.706192 -0.708011 1.42042
0.393017 -0.646522 0.653885 0.307632 -0.919368 -0.262472 0.293071 2.06805 -0.0178511 -0.716334 -0.697546 1.42767
0.417226 -0.627202 0.657693 0.299375 -0.908716 -0.277371 0.31196 2.08156 -0.0132381 -0.727805 -0.685673 1.43508
0.430065 -0.616354 0.659675 0.294421 -0.902769 -0.286858 0.320529 2.09118 -0.00832774 -0.733374 -0.679792 1.43878
0.434823 -0.610476 0.662018 0.291323 -0.900524 -0.296028 0.3185 2.0981 0.00153861 -0.734645 -0.678467 1.43998
0.438548 -0.602604 0.666756 0.288783 -0.898702 -0.298435 0.321388 2.1026 0.00531195 -0.74015 -0.672438 1.44315
0.442872 -0.595395 0.670365 0.286744 -0.896591 -0.296314 0.329153 2.10673 0.00266093 -0.746807 -0.665054 1.44762
0.44819 -0.587342 0.673925 0.283585 -0.893945 -0.296447 0.336155 2.11039 0.00234341 -0.753105 -0.657915 1.45129
0.452955 -0.584414 0.673285 0.280905 -0.891544 -0.2972 0.341821 2.11264 0.000334486 -0.755084 -0.655647 1.45348
0.458234 -0.580352 0.673226 0.277581 -0.888837 -0.29666 0.349259 2.11473 -0.00297504 -0.758422 -0.651776 1.45671
0.463149 -0.573467 0.675758 0.27316 -0.886291 -0.299563 0.353229 2.11612 -0.000134515 -0.762507 -0.646999 1.46036
0.466887 -0.568522 0.677362 0.269447 -0.884318 -0.303684 0.354651 2.11585 0.00407548 -0.764577 -0.644539 1.46155
0.475477 -0.564399 0.67483 0.264575 -0.879722 -0.309778 0.360759 2.11534 0.00543414 -0.765187 -0.643805 1.46218
0.482567 -0.559795 0.673632 0.259505 -0.875852 -0.313353 0.367033 2.11498 0.00561996 -0.76711 -0.64151 1.46308
0.492257 -0.556778 0.669106 0.25216 -0.870452 -0.31847 0.375381 2.11367 0.00408375 -0.767199 -0.641416 1.46307
0.505534 -0.548001 0.666447 0.244315 -0.862795 -0.326701 0.385838 2.11069 0.00628734 -0.770052 -0.637969 1.46368
0.516988 -0.543796 0.661083 0.238122 -0.855987 -0.333243 0.395292 2.10816 0.00534109 -0.77023 -0.637763 1.46326
0.534511 -0.530698 0.657783 0.229373 -0.845142 -0.34232 0.410577 2.1042 0.0072775 -0.775369 -0.631487 1.46595
0.550365 -0.523526 0.650415 0.21993 -0.834933 -0.347244 0.427001 2.09907 0.00230469 -0.77805 -0.628218 1.4683
0.565071 -0.516591 0.643312 0.212315 -0.825051 -0.351555 0.442404 2.0947 -0.00238444 -0.780745 -0.624865 1.47118
0.623844 -0.477161 0.618997 0.18209 -0.781561 -0.381673 0.493466 2.07227 0.000789002 -0.791621 -0.611033 1.47603
0.634375 -0.469574 0.614077 0.176954 -0.773038 -0.386051 0.503386 2.05796 0.000685434 -0.794031 -0.607897 1.47595
0.652309 -0.459337 0.60293 0.169214 -0.757958 -0.398966 0.516088 2.03815 0.00348794 -0.793635 -0.608405 1.47421
0.67448 -0.440011 0.592864 0.15424 -0.738283 -0.408379 0.536829 2.00989 0.00590001 -0.799773 -0.600295 1.47527
0.69491 -0.426194 0.579207 0.139415 -0.719111 -0.411526 0.559952 1.986 -0.000291812 -0.805621 -0.592453 1.47528
0.714368 -0.41258 0.565225 0.127392 -0.699784 -0.422686 0.5759 1.96424 0.00130521 -0.806929 -0.590668 1.47416
0.722779 -0.40953 0.556684 0.113901 -0.691093 -0.42882 0.581829 1.94037 0.00043776 -0.805244 -0.592964 1.47089
0.727486 -0.412707 0.548141 0.103577 -0.686136 -0.436429 0.582038 1.92573 -0.000989642 -0.799515 -0.600667 1.46427
0.728438 -0.416758 0.543794 0.0931146 -0.685123 -0.445465 0.576357 1.91462 0.00203672 -0.792398 -0.610023 1.45912
0.724343 -0.422371 0.544932 0.0782287 -0.689424 -0.451006 0.566841 1.90196 0.00634737 -0.786268 -0.617874 1.45481
0.707627 -0.42992 0.560762 0.0594893 -0.706455 -0.44653 0.549139 1.8889 0.0143087 -0.78473 -0.619694 1.45423
0.683897 -0.445544 0.577751 0.0398123 -0.729291 -0.440181 0.523828 1.87904 0.0209239 -0.779585 -0.625968 1.45233
0.659126 -0.466786 0.589648 0.01593 -0.75171 -0.432329 0.498041 1.86692 0.0224406 -0.771507 -0.635845 1.44921
0.637545 -0.482057 0.600982 -0.0154184 -0.770236 -0.416115 0.483328 1.85037 0.0170833 -0.771032 -0.636588 1.44652
0.615785 -0.49631 0.61197 -0.0469755 -0.787812 -0.401084 0.467445 1.83181 0.0134518 -0.769954 -0.637979 1.44835
0.605266 -0.498994 0.620226 -0.071957 -0.795891 -0.394203 0.459547 1.8146 0.0151815 -0.771771 -0.635741 1.44962
0.590024 -0.502952 0.631611 -0.0951105 -0.807162 -0.386332 0.446383 1.79748 0.0194998 -0.773181 -0.633907 1.44911
0.576621 -0.508358 0.639611 -0.118413 -0.816854 -0.374669 0.438628 1.7745 0.0166605 -0.775382 -0.631294 1.448
0.569717 -0.514442 0.640932 -0.134528 -0.821774 -0.367411 0.435566 1.74542 0.0114101 -0.774842 -0.632074 1.4485
0.575969 -0.514221 0.635499 -0.144154 -0.817474 -0.366161 0.444618 1.72704 0.00406058 -0.77558 -0.631258 1.44637
0.585578 -0.511489 0.628888 -0.151852 -0.810628 -0.370226 0.453692 1.70885 0.000770024 -0.775457 -0.631422 1.44236
0.603811 -0.507132 0.615021 -0.160721 -0.797129 -0.380003 0.469261 1.67599 -0.00427019 -0.773587 -0.633697 1.43298
0.60642 -0.50799 0.611738 -0.161024 -0.795157 -0.386788 0.467057 1.67008 -0.000649383 -0.769652 -0.638485 1.4314
0.627148 -0.498569 0.598445 -0.167335 -0.77858 -0.423744 0.4629 1.61636 0.0227972 -0.756236 -0.653923 1.4241
0.629515 -0.497279 0.597031 -0.169052 -0.776693 -0.424386 0.465475 1.60911 0.0218978 -0.756725 -0.653388 1.42349
0.64189 -0.494306 0.586227 -0.181633 -0.766471 -0.436355 0.471317 1.57064 0.0228255 -0.751851 -0.658959 1.41491
0.643279 -0.495597 0.583609 -0.183459 -0.76528 -0.439756 0.47009 1.56737 0.023668 -0.749014 -0.662153 1.41368
0.649861 -0.50566 0.567461 -0.190894 -0.759714 -0.454897 0.464678 1.55691 0.0231644 -0.733076 -0.679774 1.40594
0.653837 -0.514237 0.555051 -0.200455 -0.756482 -0.459739 0.465187 1.55089 0.0159588 -0.724033 -0.689601 1.40247
0.657942 -0.521834 0.542979 -0.210665 -0.753026 -0.464789 0.465776 1.5495 0.00931035 -0.715321 -0.698755 1.40231
0.659122 -0.522606 0.5408 -0.223379 -0.752003 -0.466016 0.466202 1.55137 0.00837897 -0.713959 -0.700159 1.39992
0.66461 -0.530225 0.526478 -0.241257 -0.747205 -0.472309 0.467582 1.55636 0.000733782 -0.704138 -0.710083 1.39635
0.673723 -0.540166 0.504323 -0.263641 -0.738734 -0.474033 0.479153 1.56538 -0.0197587 -0.695368 -0.718402 1.39537
0.692632 -0.535998 0.482692 -0.294489 -0.720726 -0.487436 0.492933 1.5777 -0.0289325 -0.689301 -0.723917 1.395
0.706473 -0.527101 0.472319 -0.31715 -0.707131 -0.497634 0.502345 1.58804 -0.0297474 -0.688875 -0.724289 1.3985
0.731267 -0.50601 0.457413 -0.357563 -0.681437 -0.512228 0.522771 1.60691 -0.0302303 -0.693975 -0.719384 1.40047
0.742504 -0.502148 0.443351 -0.373887 -0.668857 -0.519586 0.531682 1.61654 -0.0366265 -0.691305 -0.721654 1.40005
0.748184 -0.501116 0.434888 -0.383457 -0.662306 -0.524597 0.534952 1.62255 -0.0399341 -0.688262 -0.724382 1.39914
0.755382 -0.496526 0.42765 -0.396221 -0.654079 -0.531439 0.538309 1.63042 -0.0400173 -0.686337 -0.726201 1.39878
0.756532 -0.494962 0.427429 -0.4046 -0.652926 -0.534678 0.536499 1.63467 -0.0370128 -0.68495 -0.727669 1.39698
0.747346 -0.505755 0.43094 -0.408444 -0.663224 -0.528384 0.530064 1.63379 -0.0403831 -0.681943 -0.73031 1.39335
0.729483 -0.521595 0.442512 -0.411795 -0.682836 -0.517321 0.515886 1.63052 -0.0401655 -0.678485 -0.733535 1.39045
0.692746 -0.549968 0.466543 -0.417815 -0.72011 -0.491955 0.489334 1.61761 -0.0396023 -0.674937 -0.736832 1.38322
0.666617 -0.571741 0.478287 -0.418805 -0.744478 -0.478472 0.465663 1.60702 -0.037394 -0.666484 -0.744601 1.37832
0.645393 -0.58851 0.486979 -0.415588 -0.762782 -0.462572 0.451903 1.59573 -0.0406891 -0.663105 -0.74744 1.37885
0.627589 -0.598599 0.497832 -0.40851 -0.777535 -0.449086 0.44021 1.58211 -0.0399417 -0.663344 -0.747268 1.3806
0.611768 -0.606136 0.508294 -0.403592 -0.790146 -0.437477 0.429311 1.56537 -0.0378558 -0.664256 -0.746566 1.37589
0.595808 -0.615317 0.516162 -0.397005 -0.801926 -0.420428 0.424476 1.54573 -0.0441808 -0.66682 -0.743928 1.37517
0.584762 -0.620926 0.522044 -0.389801 -0.810392 -0.41806 0.410507 1.518 -0.0366511 -0.6631 -0.747653 1.37584
0.574148 -0.622341 0.532044 -0.386878 -0.817934 -0.406681 0.406964 1.49576 -0.0369006 -0.668825 -0.742524 1.37828
0.56414 -0.625753 0.538706 -0.386684 -0.825024 -0.400917 0.398278 1.46774 -0.0332488 -0.669121 -0.742429 1.37241
0.5487 -0.634682 0.544181 -0.383206 -0.835411 -0.391111 0.386195 1.44577 -0.0322778 -0.66651 -0.744817 1.36866
0.527001 -0.647607 0.550363 -0.379102 -0.849482 -0.381602 0.364397 1.41962 -0.0259682 -0.659552 -0.75123 1.36307
0.501787 -0.65785 0.561666 -0.37881 -0.864662 -0.363184 0.347104 1.39755 -0.0243561 -0.659814 -0.751054 1.36099
0.466227 -0.674582 0.572362 -0.379853 -0.884321 -0.336946 0.323218 1.36818 -0.0251837 -0.656834 -0.753634 1.35897
0.441913 -0.683652 0.580826 -0.382338 -0.896635 -0.316406 0.309772 1.35025 -0.0280013 -0.657671 -0.752805 1.35645
0.423034 -0.692401 0.584508 -0.382009 -0.905627 -0.301632 0.298134 1.33835 -0.030123 -0.655457 -0.754652 1.35506
0.398692 -0.700631 0.591767 -0.381254 -0.91664 -0.28401 0.281313 1.32302 -0.0290299 -0.654584 -0.755452 1.35294
0.368404 -0.714254 0.595102 -0.379216 -0.929098 -0.260224 0.262844 1.30899 -0.0328785 -0.649731 -0.759473 1.34915
0.334487 -0.727636 0.598908 -0.374772 -0.941807 -0.235264 0.240163 1.28959 -0.0338512 -0.644376 -0.763979 1.34657
0.316199 -0.732729 0.602622 -0.372492 -0.948183 -0.222969 0.22641 1.2803 -0.0315323 -0.642976 -0.765257 1.34522
0.271956 -0.744819 0.609353 -0.36634 -0.961866 -0.19087 0.195982 1.26491 -0.0296648 -0.639404 -0.768318 1.34305
0.228334 -0.754238 0.615643 -0.361338 -0.973135 -0.157337 0.168167 1.24641 -0.029975 -0.637491 -0.769894 1.34153
0.198605 -0.760445 0.618309 -0.356743 -0.979619 -0.134413 0.149351 1.23436 -0.0304646 -0.635359 -0.771636 1.34003
0.181158 -0.764207 0.619029 -0.353279 -0.982948 -0.120249 0.13921 1.226 -0.0319475 -0.633682 -0.772954 1.33935
0.159976 -0.768124 0.620017 -0.349199 -0.986619 -0.104116 0.125581 1.21696 -0.0319083 -0.631799 -0.774495 1.33855
0.137744 -0.766191 0.627698 -0.345168 -0.990056 -0.0879226 0.109941 1.20622 -0.0290469 -0.636589 -0.770677 1.34158
0.112319 -0.758077 0.642442 -0.34165 -0.993337 -0.0685296 0.0928039 1.19395 -0.0263262 -0.648574 -0.760717 1.34635
0.0985441 -0.749286 0.654895 -0.337685 -0.994864 -0.0585158 0.0827522 1.1875 -0.0236835 -0.659675 -0.751199 1.35471
0.090396 -0.7404 0.666081 -0.335882 -0.995519 -0.0482133 0.0815139 1.18461 -0.0282389 -0.670453 -0.741436 1.36195
0.0874301 -0.734217 0.673282 -0.33641 -0.995726 -0.0439134 0.0814153 1.18242 -0.0302102 -0.677511 -0.734914 1.36491
0.0846926 -0.730345 0.677827 -0.337633 -0.996016 -0.0426602 0.0784853 1.18437 -0.028405 -0.681762 -0.731044 1.36771
0.0928056 -0.72455 0.682966 -0.34314 -0.995285 -0.0477563 0.0845829 1.1858 -0.0286685 -0.687584 -0.725561 1.3695
0.10886 -0.723007 0.68223 -0.349676 -0.993579 -0.0575417 0.0975602 1.19311 -0.03128 -0.688458 -0.724624 1.37278
0.123643 -0.721544 0.68126 -0.356593 -0.991997 -0.0718142 0.103981 1.19952 -0.0261026 -0.688652 -0.724644 1.37128
0.156514 -0.721355 0.674668 -0.366299 -0.987414 -0.098143 0.124134 1.20925 -0.0233312 -0.685594 -0.727633 1.36856
0.173764 -0.722859 0.668811 -0.371739 -0.984564 -0.112589 0.134114 1.21513 -0.0216449 -0.681779 -0.73126 1.36603
0.207012 -0.722975 0.659152 -0.381489 -0.978198 -0.140965 0.152599 1.22676 -0.0174086 -0.676359 -0.736389 1.36261
0.238813 -0.722377 0.648975 -0.390663 -0.970975 -0.167811 0.170514 1.23735 -0.0142713 -0.670848 -0.74148 1.35989
0.26229 -0.719861 0.642675 -0.396471 -0.964897 -0.185738 0.185752 1.24406 -0.0143471 -0.668824 -0.743304 1.3594
0.292221 -0.715457 0.634631 -0.404173 -0.956235 -0.20765 0.206212 1.25225 -0.0157556 -0.667104 -0.74482 1.35767
0.317194 -0.710235 0.628476 -0.409082 -0.948313 -0.229953 0.21875 1.26001 -0.0108447 -0.665366 -0.74646 1.35759
0.344467 -0.702849 0.622394 -0.416752 -0.938786 -0.252834 0.23406 1.267 -0.00714738 -0.664909 -0.746912 1.35502
0.365396 -0.697882 0.616016 -0.42413 -0.930865 -0.275193 0.240389 1.27376 0.00175841 -0.661253 -0.750183 1.3495
0.404902 -0.691136 0.598676 -0.43374 -0.914296 -0.314597 0.255184 1.28496 0.0119732 -0.650681 -0.759279 1.34402
0.457112 -0.67705 0.576784 -0.44506 -0.889344 -0.35663 0.286199 1.29508 0.0119255 -0.643773 -0.765145 1.34001
0.494469 -0.664351 0.560506 -0.453367 -0.869185 -0.382894 0.31295 1.30287 0.00670375 -0.641916 -0.766767 1.33843
0.541039 -0.645507 0.539098 -0.465014 -0.841002 -0.418731 0.342649 1.3107 0.00455217 -0.638758 -0.769416 1.33557
0.575553 -0.630165 0.521209 -0.473222 -0.817765 -0.447464 0.362028 1.31707 0.0050823 -0.634583 -0.77286 1.33301
0.619334 -0.605422 0.499917 -0.481218 -0.785144 -0.47794 0.393891 1.3247 0.000457519 -0.636446 -0.771342 1.3345
0.650483 -0.583835 0.485836 -0.48884 -0.759536 -0.501484 0.414303 1.33195 0.00175137 -0.638496 -0.769644 1.33503
0.677761 -0.564065 0.471699 -0.496677 -0.735301 -0.520323 0.43431 1.33877 0.000453715 -0.641187 -0.767406 1.33555
0.701453 -0.544764 0.459591 -0.504354 -0.71273 -0.538514 0.449496 1.34745 0.00262387 -0.642854 -0.766006 1.33496
0.717731 -0.531328 0.450091 -0.509614 -0.696331 -0.551074 0.459857 1.35368 0.00369472 -0.643455 -0.765497 1.33404
0.742259 -0.512058 0.432292 -0.515134 -0.670118 -0.571473 0.473696 1.36713 0.00447965 -0.641282 -0.767314 1.33285
0.759948 -0.493016 0.423607 -0.519842 -0.649972 -0.582886 0.487657 1.37749 0.00648802 -0.645916 -0.763403 1.33286
0.779511 -0.474344 0.409132 -0.522991 -0.626401 -0.593797 0.50503 1.3939 0.00337954 -0.649947 -0.759994 1.33245
0.792791 -0.463438 0.395898 -0.523998 -0.609497 -0.597692 0.520871 1.40742 -0.00477064 -0.65423 -0.756302 1.33232
0.802899 -0.454721 0.385499 -0.522728 -0.596071 -0.602726 0.530518 1.41857 -0.00889098 -0.655727 -0.754968 1.33242
0.81154 -0.446575 0.376831 -0.522027 -0.584235 -0.609082 0.536393 1.43231 -0.010023 -0.655452 -0.755192 1.33241
0.819814 -0.439815 0.366737 -0.522967 -0.572445 -0.61213 0.545557 1.45943 -0.0154576 -0.657182 -0.753596 1.33491
0.823469 -0.440839 0.357196 -0.522603 -0.566701 -0.608113 0.555948 1.47809 -0.0278722 -0.660218 -0.750579 1.33991
0.82777 -0.442664 0.344781 -0.524501 -0.559438 -0.603992 0.567672 1.50273 -0.0430465 -0.662775 -0.747603 1.34354
0.83199 -0.445422 0.330789 -0.525219 -0.552271 -0.607844 0.570571 1.54626 -0.0530805 -0.657384 -0.751706 1.34859
0.832566 -0.445679 0.328987 -0.525119 -0.551193 -0.607313 0.572177 1.55433 -0.0552131 -0.6577 -0.751276 1.35128
0.835 -0.442254 0.327437 -0.526571 -0.547307 -0.605749 0.57754 1.56678 -0.0570786 -0.661444 -0.747842 1.35096
0.837531 -0.440062 0.323906 -0.526681 -0.543299 -0.607461 0.579523 1.57973 -0.0582698 -0.661336 -0.747846 1.35231
0.839506 -0.439204 0.319935 -0.528675 -0.53993 -0.608048 0.582051 1.59742 -0.0611069 -0.661367 -0.747592 1.35045
0.843397 -0.435696 0.314451 -0.527123 -0.533834 -0.612926 0.582557 1.62158 -0.0610866 -0.659181 -0.749522 1.34675
0.843025 -0.437479 0.312969 -0.522301 -0.534401 -0.614926 0.579923 1.6349 -0.0612548 -0.65613 -0.75218 1.34795
0.843955 -0.435423 0.313329 -0.516944 -0.532925 -0.613787 0.582482 1.64487 -0.0613123 -0.65856 -0.750049 1.34916
0.855477 -0.418009 0.305708 -0.498315 -0.514731 -0.621446 0.590665 1.6658 -0.0569261 -0.662647 -0.746788 1.35349
0.875287 -0.388802 0.287635 -0.480197 -0.479838 -0.623785 0.61699 1.67619 -0.0604685 -0.678051 -0.732546 1.36139
0.900759 -0.340009 0.27029 -0.454552 -0.432157 -0.639064 0.636291 1.68889 -0.0436165 -0.689942 -0.722573 1.37005
0.910792 -0.315562 0.266287 -0.43766 -0.411702 -0.644937 0.643884 1.70007 -0.0314514 -0.696064 -0.717314 1.37279
0.932184 -0.274775 0.235713 -0.414394 -0.360904 -0.654166 0.664714 1.71802 -0.0284557 -0.704695 -0.708963 1.37618
0.944861 -0.246465 0.21569 -0.407851 -0.326648 -0.661262 0.675324 1.72523 -0.0238209 -0.708531 -0.705301 1.37775
0.961391 -0.204804 0.183882 -0.405047 -0.274555 -0.666494 0.693133 1.72747 -0.0194051 -0.716847 -0.696985 1.37831
0.969898 -0.183225 0.160486 -0.405964 -0.242659 -0.669919 0.701679 1.7248 -0.0210573 -0.71949 -0.694208 1.3791
0.971921 -0.177447 0.154634 -0.406529 -0.234396 -0.670026 0.704381 1.72303 -0.0213866 -0.720837 -0.692798 1.37878
0.98021 -0.150385 0.128852 -0.410501 -0.19688 -0.669823 0.715964 1.71603 -0.0213669 -0.727153 -0.686168 1.37985
0.985119 -0.132263 0.109891 -0.414751 -0.170521 -0.668939 0.723513 1.71034 -0.0221889 -0.731475 -0.681532 1.3803
0.990239 -0.103209 0.0938327 -0.422752 -0.138942 -0.670457 0.728842 1.70379 -0.0123173 -0.734755 -0.678245 1.37815
0.992934 -0.0862565 0.081681 -0.427846 -0.118518 -0.6726 0.730474 1.6997 -0.00807485 -0.734983 -0.678063 1.37693
0.995772 -0.067382 0.0626743 -0.434319 -0.0917229 -0.671773 0.735076 1.69439 -0.00743347 -0.737707 -0.675106 1.37665
0.998184 -0.0465878 0.0385759 -0.442103 -0.0598557 -0.669075 0.7408 1.68848 -0.00870753 -0.741754 -0.670641 1.37707
0.99912 -0.0349396 0.0238616 -0.445391 -0.0411089 -0.66827 0.742802 1.68596 -0.0100126 -0.743118 -0.66911 1.37674
0.999815 -0.0179593 0.00882917 -0.450695 -0.0185918 -0.670394 0.741793 1.68378 -0.00740848 -0.741809 -0.670596 1.37522
0.999999 0.00289635 -0.00498908 -0.453696 0.00565932 -0.660843 0.750523 1.68246 -0.00112878 -0.750539 -0.660851 1.37816
0.999826 0.0154109 -0.0119257 -0.455204 0.0190926 -0.652166 0.757856 1.68215 0.00389607 -0.75794 -0.652339 1.38032
0.999419 0.0286567 -0.019289 -0.457901 0.0332454 -0.646211 0.762454 1.68288 0.00937884 -0.762641 -0.646781 1.38262
0.998981 0.0381872 -0.0247 -0.460068 0.0434863 -0.642997 0.764653 1.68323 0.0133122 -0.764937 -0.643995 1.38409
0.998377 0.045548 -0.0346451 -0.463828 0.0557791 -0.639166 0.767063 1.68224 0.0127884 -0.767739 -0.640662 1.38487
0.997321 0.0575617 -0.0454743 -0.469185 0.0717461 -0.636142 0.768248 1.6815 0.0152876 -0.769442 -0.638561 1.3857
0.996472 0.0644447 -0.0540656 -0.473105 0.0827212 -0.633929 0.768975 1.68072 0.0152767 -0.770723 -0.637015 1.38596
0.995654 0.071749 -0.0596377 -0.47708 0.0916982 -0.634636 0.767371 1.68042 0.0172039 -0.769494 -0.63845 1.38484
0.995168 0.0760568 -0.0623462 -0.479811 0.0965966 -0.636912 0.764881 1.68067 0.0184594 -0.767197 -0.641173 1.38267
0.994135 0.0821166 -0.0705935 -0.483086 0.106861 -0.638358 0.762306 1.6808 0.0175281 -0.765368 -0.643381 1.38099
0.99169 0.101132 -0.0797152 -0.490184 0.126021 -0.634908 0.762261 1.67865 0.0264712 -0.765961 -0.642369 1.37856
0.989279 0.114351 -0.0910084 -0.495426 0.142938 -0.627294 0.765573 1.67545 0.0304491 -0.770363 -0.636906 1.3796
0.985049 0.130864 -0.112178 -0.502721 0.169478 -0.616758 0.768712 1.67023 0.0314037 -0.77622 -0.629707 1.3801
0.979639 0.149904 -0.133675 -0.512531 0.19787 -0.606086 0.770414 1.66285 0.0344632 -0.781167 -0.623398 1.38164
0.974402 0.164 -0.153873 -0.51827 0.221974 -0.591668 0.77504 1.65574 0.0360587 -0.789345 -0.612918 1.38445
0.971784 0.169708 -0.163914 -0.52054 0.23318 -0.584823 0.776943 1.65146 0.0359864 -0.793231 -0.607885 1.38497
0.968989 0.176154 -0.17338 -0.524104 0.24449 -0.580175 0.776951 1.64632 0.0362657 -0.795236 -0.605244 1.3856
0.966922 0.182516 -0.178274 -0.527903 0.251931 -0.572645 0.780153 1.64199 0.0402967 -0.799249 -0.599677 1.38609
0.964566 0.190678 -0.182444 -0.534373 0.260079 -0.569594 0.779713 1.63761 0.0447486 -0.799524 -0.598995 1.38631
0.963377 0.191717 -0.187567 -0.539809 0.264686 -0.566574 0.780363 1.63493 0.0433315 -0.801419 -0.596562 1.38847
0.962167 0.195164 -0.190206 -0.544217 0.268499 -0.55941 0.784219 1.63224 0.0466422 -0.805608 -0.590639 1.3909
0.961548 0.196119 -0.192342 -0.547266 0.27071 -0.557668 0.7847 1.63056 0.0466248 -0.806584 -0.589308 1.39259
0.959291 0.198767 -0.200709 -0.551272 0.278876 -0.553332 0.78491 1.62528 0.044949 -0.808919 -0.58623 1.39252
0.957713 0.202757 -0.204223 -0.554125 0.284178 -0.554384 0.782261 1.62235 0.0453849 -0.807206 -0.588552 1.39079
0.953273 0.213463 -0.21386 -0.558269 0.298533 -0.555966 0.775765 1.61613 0.0466923 -0.803349 -0.593705 1.38677
0.948186 0.221673 -0.227676 -0.560423 0.314703 -0.555825 0.769449 1.61041 0.0440114 -0.80122 -0.596779 1.3835
0.942555 0.233278 -0.239174 -0.561733 0.331003 -0.554777 0.763342 1.60491 0.045376 -0.798648 -0.600115 1.37962
0.932887 0.249993 -0.259339 -0.562677 0.357548 -0.55522 0.750948 1.59689 0.0437353 -0.793265 -0.607333 1.37217
0.9252 0.261667 -0.274895 -0.562913 0.377317 -0.556221 0.740461 1.59229 0.040845 -0.788786 -0.613338 1.3674
0.912991 0.279159 -0.297575 -0.566494 0.406404 -0.55732 0.724059 1.58615 0.0362771 -0.781984 -0.62227 1.36074
0.90166 0.291675 -0.319324 -0.566213 0.431505 -0.55708 0.709575 1.58017 0.0290702 -0.777574 -0.628147 1.35331
0.894836 0.303807 -0.327114 -0.567286 0.445459 -0.559249 0.69917 1.57595 0.0294682 -0.771347 -0.63576 1.3467
0.888736 0.314979 -0.33312 -0.568956 0.457563 -0.564106 0.687351 1.57225 0.0285804 -0.763287 -0.645454 1.34132
0.883345 0.326098 -0.33674 -0.571367 0.467891 -0.569707 0.67568 1.56672 0.0284883 -0.754406 -0.655817 1.33423
0.879675 0.333918 -0.33868 -0.57144 0.474728 -0.573078 0.668017 1.5642 0.0289668 -0.748408 -0.662632 1.3304
0.873585 0.344887 -0.343417 -0.573777 0.485958 -0.578981 0.65472 1.55765 0.0269664 -0.738829 -0.673379 1.32426
0.870064 0.352198 -0.344931 -0.575543 0.492118 -0.579378 0.649748 1.55364 0.0289877 -0.735059 -0.677409 1.32146
0.866439 0.357469 -0.348616 -0.579124 0.498512 -0.57968 0.644584 1.54792 0.0283274 -0.732272 -0.680449 1.3185
