0.887559 -0.300443 0.349282 0.883081 -0.458469 -0.650861 0.605155 -0.13654 0.0455152 -0.697235 -0.715413 1.22015
0.886318 -0.299929 0.352857 0.886324 -0.460614 -0.649869 0.604593 -0.142283 0.0479714 -0.698381 -0.714134 1.21812
0.881391 -0.307137 0.358946 0.885332 -0.469453 -0.654401 0.592789 -0.142678 0.0528224 -0.690977 -0.720962 1.21829
0.880224 -0.307291 0.361668 0.884321 -0.47061 -0.663623 0.581513 -0.142383 0.0613129 -0.682056 -0.728743 1.21815
0.880885 -0.304365 0.362532 0.88239 -0.468444 -0.670598 0.575227 -0.141391 0.0680294 -0.676524 -0.733289 1.21955
0.881147 -0.30359 0.362544 0.881875 -0.467798 -0.671645 0.57453 -0.141445 0.0690741 -0.675833 -0.733828 1.22001
0.882349 -0.2999 0.362694 0.878817 -0.464727 -0.676851 0.570902 -0.141555 0.074271 -0.672278 -0.736581 1.21977
0.88109 -0.297312 0.367847 0.877398 -0.465671 -0.681465 0.564609 -0.140853 0.0828048 -0.668757 -0.738873 1.21992
0.875154 -0.299378 0.380137 0.877775 -0.47308 -0.694392 0.542257 -0.13946 0.101619 -0.654384 -0.749321 1.21708
0.868359 -0.301175 0.394047 0.882024 -0.480705 -0.706656 0.519218 -0.134604 0.122075 -0.640279 -0.758398 1.21776
0.862885 -0.302989 0.404543 0.885382 -0.487962 -0.707999 0.510547 -0.133322 0.13172 -0.637935 -0.758759 1.21897
0.856992 -0.304711 0.415623 0.890358 -0.496263 -0.705429 0.506084 -0.133179 0.138977 -0.639959 -0.755755 1.22203
0.85542 -0.305354 0.41838 0.891824 -0.498681 -0.703862 0.505889 -0.132908 0.14 -0.641377 -0.754363 1.22298
0.850284 -0.306214 0.42811 0.894843 -0.506415 -0.697668 0.506786 -0.133149 0.143487 -0.647703 -0.748278 1.2253
0.845636 -0.305039 0.438038 0.897567 -0.513473 -0.689097 0.51139 -0.134989 0.145851 -0.657361 -0.739346 1.22708
0.84054 -0.301437 0.450174 0.90176 -0.520239 -0.681035 0.515336 -0.13665 0.151237 -0.667348 -0.729248 1.23083
0.8352 -0.296803 0.463009 0.906787 -0.527325 -0.671281 0.520902 -0.138404 0.156198 -0.679202 -0.717157 1.23582
0.831577 -0.291645 0.472706 0.909927 -0.53249 -0.660697 0.529115 -0.139527 0.157996 -0.6917 -0.70471 1.24024
0.82789 -0.280342 0.485833 0.915272 -0.536239 -0.649655 0.538911 -0.140787 0.164538 -0.706671 -0.688165 1.24724
0.824885 -0.272315 0.495416 0.918306 -0.537779 -0.648207 0.53912 -0.140911 0.174315 -0.711126 -0.681134 1.2506
0.826075 -0.261056 0.499478 0.935611 -0.534301 -0.644734 0.54669 -0.151271 0.179307 -0.718468 -0.672073 1.25696
0.818522 -0.246079 0.519129 0.943199 -0.538378 -0.643921 0.543639 -0.146227 0.200493 -0.724458 -0.65954 1.26627
0.817926 -0.24017 0.522822 0.944604 -0.538463 -0.639675 0.548546 -0.143871 0.202685 -0.73018 -0.652522 1.26974
0.817534 -0.230833 0.527619 0.945737 -0.538459 -0.631345 0.558117 -0.140516 0.204271 -0.74037 -0.640433 1.27525
0.817851 -0.221075 0.531294 0.945728 -0.536844 -0.625613 0.566071 -0.138242 0.207233 -0.748173 -0.630333 1.27924
0.818043 -0.196267 0.54066 0.94496 -0.532271 -0.614574 0.58225 -0.126666 0.217992 -0.764073 -0.607208 1.29023
0.821615 -0.188525 0.537992 0.94304 -0.526744 -0.611942 0.589997 -0.119099 0.217984 -0.768124 -0.602078 1.29485
0.824948 -0.177166 0.536751 0.940238 -0.52132 -0.60547 0.601382 -0.112018 0.218435 -0.775917 -0.591835 1.2982
0.826025 -0.173688 0.536231 0.939089 -0.519475 -0.603816 0.604634 -0.109693 0.21876 -0.77799 -0.588987 1.29878
0.832185 -0.162338 0.530229 0.932427 -0.509086 -0.602742 0.614461 -0.0955412 0.219833 -0.781267 -0.584231 1.30146
0.837402 -0.147457 0.526349 0.922464 -0.497729 -0.60374 0.62273 -0.0791409 0.225944 -0.783444 -0.57896 1.30417
0.838961 -0.133488 0.527592 0.91143 -0.490389 -0.605823 0.62652 -0.0598811 0.235987 -0.78434 -0.573716 1.3065
0.838354 -0.126545 0.530261 0.902976 -0.488102 -0.607443 0.626736 -0.0436448 0.242785 -0.784238 -0.571013 1.30869
0.834617 -0.120247 0.537572 0.880178 -0.489194 -0.610444 0.622958 -0.00995809 0.253241 -0.782898 -0.568305 1.31246
0.834708 -0.126206 0.536064 0.835938 -0.488845 -0.618069 0.615671 0.0381101 0.253615 -0.775947 -0.577595 1.31634
0.836086 -0.127884 0.533512 0.806159 -0.486274 -0.623011 0.61272 0.0686358 0.254019 -0.771708 -0.583071 1.32143
0.835798 -0.124839 0.534684 0.784476 -0.486999 -0.618308 0.616893 0.0919643 0.253579 -0.775977 -0.57757 1.32648
0.838251 -0.120673 0.531792 0.764123 -0.484056 -0.613737 0.623736 0.110163 0.251104 -0.780254 -0.572872 1.32547
0.842912 -0.12055 0.524402 0.745579 -0.475267 -0.623764 0.620541 0.133765 0.252289 -0.772281 -0.583064 1.32563
0.844732 -0.119514 0.521704 0.741084 -0.472469 -0.624482 0.621953 0.137941 0.251454 -0.771861 -0.58398 1.32538
0.853612 -0.118287 0.507331 0.721474 -0.45901 -0.631329 0.625111 0.156226 0.246342 -0.766461 -0.593198 1.32373
0.860098 -0.11662 0.496651 0.706629 -0.448458 -0.636939 0.627076 0.168869 0.243198 -0.762063 -0.600122 1.32195
0.868885 -0.110247 0.482612 0.670492 -0.426656 -0.661198 0.617101 0.198016 0.251061 -0.742088 -0.621535 1.31185
0.86927 -0.110818 0.481788 0.660479 -0.42366 -0.669244 0.610456 0.207042 0.254776 -0.734754 -0.628695 1.30857
0.871052 -0.126763 0.474585 0.627016 -0.418891 -0.696317 0.582842 0.237282 0.256571 -0.706474 -0.659619 1.2961
0.870061 -0.12801 0.476066 0.623676 -0.419366 -0.699849 0.578252 0.238954 0.259144 -0.70275 -0.662585 1.29327
0.865731 -0.136113 0.481679 0.61339 -0.423254 -0.712791 0.559301 0.255284 0.267199 -0.688066 -0.674687 1.29116
0.867617 -0.141581 0.476683 0.60621 -0.418997 -0.724399 0.547467 0.274176 0.267789 -0.67471 -0.687814 1.29011
0.8697 -0.145792 0.471591 0.601859 -0.417483 -0.727008 0.54516 0.290273 0.263362 -0.670997 -0.693135 1.2883
0.871143 -0.15974 0.464353 0.599269 -0.418501 -0.736214 0.531863 0.33352 0.256895 -0.657651 -0.70819 1.27845
0.852118 -0.200712 0.483365 0.609028 -0.454664 -0.74134 0.493688 0.405156 0.25924 -0.640439 -0.722956 1.27115
0.847529 -0.207164 0.488681 0.611314 -0.462045 -0.741088 0.48717 0.415687 0.261223 -0.638673 -0.723804 1.27105
0.813998 -0.249207 0.524722 0.619117 -0.518362 -0.71932 0.462505 0.484945 0.262175 -0.648464 -0.714697 1.27476
0.805789 -0.258507 0.532831 0.617349 -0.535112 -0.703307 0.468024 0.51411 0.253748 -0.662242 -0.705039 1.2783
0.791346 -0.268704 0.549182 0.612814 -0.553024 -0.697615 0.455555 0.539418 0.260699 -0.664201 -0.700647 1.27733
0.770499 -0.285037 0.57019 0.604394 -0.576374 -0.693611 0.432122 0.557532 0.272311 -0.661581 -0.698707 1.26978
0.738333 -0.318964 0.594272 0.595697 -0.607591 -0.697064 0.380746 0.58822 0.292792 -0.64218 -0.708457 1.26012
0.708409 -0.359274 0.607544 0.587595 -0.639033 -0.69197 0.335926 0.615736 0.299704 -0.626203 -0.719778 1.2558
0.679757 -0.399815 0.614906 0.577411 -0.672071 -0.675286 0.303877 0.643642 0.293735 -0.619811 -0.727727 1.25913
0.634469 -0.457539 0.623007 0.555932 -0.726154 -0.629052 0.277535 0.684903 0.264914 -0.628475 -0.73135 1.26793
0.600824 -0.492656 0.629549 0.536376 -0.757795 -0.601765 0.252305 0.712733 0.254534 -0.628648 -0.734879 1.27143
0.59295 -0.501122 0.630332 0.531875 -0.76435 -0.596578 0.244734 0.719751 0.253394 -0.626897 -0.736766 1.2724
0.570282 -0.521482 0.634718 0.518141 -0.783182 -0.578291 0.228553 0.739629 0.247859 -0.627427 -0.738197 1.27569
0.529481 -0.556528 0.640279 0.484978 -0.812853 -0.548834 0.195148 0.780146 0.242795 -0.623768 -0.742965 1.27705
0.514 -0.570568 0.640537 0.469013 -0.823805 -0.536492 0.183176 0.800695 0.239122 -0.621818 -0.745785 1.27896
0.512463 -0.573209 0.63941 0.465721 -0.825278 -0.534547 0.182227 0.805283 0.237334 -0.621063 -0.746984 1.2797
0.510745 -0.578963 0.635589 0.456322 -0.828909 -0.527838 0.185282 0.819814 0.228211 -0.621465 -0.749489 1.28373
0.48881 -0.585524 0.646728 0.464338 -0.840486 -0.514766 0.169206 0.835106 0.233833 -0.626263 -0.74374 1.28941
0.473778 -0.593713 0.65044 0.470546 -0.849262 -0.503485 0.159026 0.839523 0.233064 -0.627724 -0.742749 1.29058
0.418473 -0.604675 0.677702 0.477689 -0.874359 -0.470132 0.120435 0.847887 0.245779 -0.642941 -0.725433 1.29002
0.376514 -0.62849 0.680639 0.480693 -0.893635 -0.440133 0.0879269 0.861191 0.244305 -0.641335 -0.72735 1.29186
0.363004 -0.633376 0.683443 0.479872 -0.899238 -0.430341 0.0788058 0.865456 0.244194 -0.643172 -0.725764 1.29232
0.304104 -0.660656 0.686357 0.47602 -0.924948 -0.37726 0.0466844 0.887067 0.228087 -0.649028 -0.725791 1.29789
0.15503 -0.704815 0.692267 0.448805 -0.9659 -0.255282 -0.0435997 0.935842 0.207449 -0.661887 -0.72035 1.31203
0.134236 -0.708658 0.692688 0.442754 -0.970182 -0.236395 -0.0538335 0.942718 0.201894 -0.664793 -0.719252 1.31612
0.109134 -0.70924 0.696492 0.431946 -0.974625 -0.214164 -0.0653684 0.95023 0.195521 -0.67167 -0.714608 1.32263
0.0720393 -0.703202 0.707354 0.416709 -0.978223 -0.188278 -0.0875472 0.958999 0.194739 -0.685629 -0.701444 1.32985
0.0572557 -0.702498 0.709402 0.40917 -0.979507 -0.177022 -0.0962428 0.962393 0.193186 -0.689339 -0.69823 1.33245
0.0313641 -0.709007 0.704527 0.395634 -0.980889 -0.157313 -0.114646 0.965631 0.192113 -0.687452 -0.700383 1.33464
0.00529144 -0.711176 0.703017 0.384908 -0.984629 -0.126508 -0.120564 0.965059 0.174677 -0.691559 -0.700906 1.34013
-0.000526597 -0.709223 0.705007 0.381915 -0.985891 -0.117712 -0.119152 0.964431 0.167491 -0.695108 -0.699146 1.34244
-0.0184716 -0.694967 0.718827 0.329664 -0.991704 -0.0788314 -0.101698 0.947973 0.127341 -0.714727 -0.687738 1.35957
-0.0189421 -0.693986 0.719762 0.3225 -0.992166 -0.0759575 -0.0993481 0.946713 0.123615 -0.71599 -0.687104 1.36146
-0.0206342 -0.689633 0.723888 0.285113 -0.993819 -0.0649592 -0.0902134 0.936706 0.109235 -0.72126 -0.684022 1.36695
-0.0153229 -0.69091 0.722801 0.239791 -0.995789 -0.0549325 -0.0736186 0.929157 0.0905676 -0.72087 -0.687152 1.36892
-0.0145498 -0.700172 0.713849 0.204925 -0.996522 -0.0485758 -0.067956 0.924772 0.0822553 -0.71234 -0.697022 1.36686
-0.00629738 -0.699109 0.71501 0.140495 -0.998495 -0.0347788 -0.0427992 0.919436 0.0547876 -0.714189 -0.69783 1.36706
-0.00345848 -0.69155 0.722343 0.108401 -0.998713 -0.0344103 -0.0377249 0.915921 0.0509438 -0.721528 -0.690534 1.36651
-0.000163022 -0.693461 0.720516 0.0758007 -0.998773 -0.0358165 -0.0346972 0.913182 0.0498667 -0.719623 -0.692597 1.36376
0.000780604 -0.696039 0.718027 0.0661973 -0.998722 -0.037066 -0.0348448 0.912951 0.0508668 -0.717067 -0.695171 1.36436
0.00612724 -0.698832 0.715283 0.0355669 -0.998759 -0.0398788 -0.0304056 0.912468 0.0497721 -0.714194 -0.698201 1.36518
0.00444085 -0.703464 0.71074 -0.0776422 -0.998926 -0.0361642 -0.0295521 0.9414 0.0464913 -0.709831 -0.702861 1.3706
0.000385773 -0.70418 0.710044 -0.105169 -0.999079 -0.0310242 -0.0302248 0.951222 0.0433114 -0.709363 -0.703536 1.36846
-0.000781685 -0.705737 0.708497 -0.114692 -0.999139 -0.0291358 -0.0301243 0.953976 0.0419015 -0.707895 -0.705098 1.36618
-0.00430566 -0.717408 0.696663 -0.151865 -0.999312 -0.0228934 -0.0297508 0.974201 0.0372918 -0.696297 -0.716808 1.3644
-0.000606964 -0.724236 0.689575 -0.225387 -0.999522 -0.0212512 -0.0231986 1.00634 0.031455 -0.689245 -0.72387 1.35898
-0.0015745 -0.724287 0.689521 -0.235157 -0.999494 -0.0211423 -0.0244902 1.01021 0.0323152 -0.689195 -0.723879 1.35909
0.0201164 -0.73314 0.679804 -0.315942 -0.999608 -0.0285821 -0.00124432 1.0296 0.0203419 -0.679497 -0.73342 1.35675
0.0360977 -0.734052 0.678157 -0.345237 -0.999145 -0.040765 0.00905901 1.03503 0.0209946 -0.677889 -0.734888 1.35516
0.0517885 -0.734889 0.676231 -0.357658 -0.998251 -0.0578372 0.0135963 1.03892 0.0291187 -0.675738 -0.73659 1.3514
0.0582032 -0.735466 0.675081 -0.362081 -0.997773 -0.0652902 0.0148947 1.03929 0.0331206 -0.674429 -0.73762 1.34863
0.0810942 -0.749145 0.657448 -0.374114 -0.995271 -0.0964705 0.0128384 1.04597 0.053805 -0.655365 -0.753416 1.3421
0.0876554 -0.750349 0.65523 -0.377035 -0.99468 -0.101881 0.0163959 1.04739 0.0544513 -0.653166 -0.755277 1.34073
0.124376 -0.765431 0.63141 -0.393725 -0.99068 -0.131618 0.0355899 1.06188 0.0558617 -0.629937 -0.774657 1.31953
0.144043 -0.776482 0.613481 -0.399033 -0.987532 -0.152746 0.0385387 1.08123 0.0637802 -0.611369 -0.788793 1.30987
0.147428 -0.777712 0.611115 -0.399454 -0.987268 -0.153202 0.0432061 1.08375 0.0600201 -0.60969 -0.790386 1.30881
0.165495 -0.780835 0.602446 -0.402302 -0.984969 -0.161726 0.0609635 1.09541 0.0498266 -0.603466 -0.795853 1.30383
0.204586 -0.786788 0.582359 -0.408339 -0.977681 -0.193517 0.0820155 1.11425 0.0481658 -0.586126 -0.808808 1.2955
0.210325 -0.787846 0.578873 -0.409372 -0.976475 -0.198307 0.0848923 1.1174 0.0479106 -0.583096 -0.81101 1.29446
0.227846 -0.789153 0.5704 -0.413013 -0.972617 -0.212277 0.0948245 1.12599 0.0462495 -0.576372 -0.815899 1.29159
0.281772 -0.784528 0.552406 -0.42699 -0.958579 -0.255394 0.126242 1.15866 0.042039 -0.565082 -0.823984 1.28597
0.317619 -0.771729 0.550986 -0.436294 -0.947406 -0.282594 0.150329 1.18073 0.0396897 -0.56974 -0.820887 1.28787
0.335569 -0.763884 0.551278 -0.439756 -0.94115 -0.297216 0.161049 1.19025 0.0408229 -0.572864 -0.818654 1.28974
0.340523 -0.760964 0.552278 -0.441139 -0.939356 -0.301015 0.16443 1.19374 0.0411159 -0.574764 -0.817307 1.29044
0.360091 -0.748774 0.556512 -0.443695 -0.932109 -0.313872 0.180813 1.20633 0.0392828 -0.583825 -0.81095 1.29458
0.38299 -0.730139 0.565905 -0.437702 -0.923228 -0.323558 0.207359 1.22719 0.0316989 -0.601861 -0.797993 1.30414
0.385758 -0.720432 0.57637 -0.431778 -0.92199 -0.324099 0.211972 1.23709 0.0340866 -0.613162 -0.789243 1.30775
0.394932 -0.711184 0.581617 -0.424005 -0.918109 -0.328774 0.221404 1.25245 0.0337592 -0.621413 -0.782777 1.30869
0.414334 -0.704834 0.57582 -0.41173 -0.909485 -0.344709 0.232483 1.27461 0.0346253 -0.620012 -0.78385 1.31004
0.433079 -0.697459 0.570988 -0.396729 -0.900832 -0.356905 0.2473 1.30237 0.0313039 -0.62145 -0.78285 1.31319
0.445414 -0.695627 0.563687 -0.380911 -0.894878 -0.366203 0.255197 1.32692 0.028899 -0.618086 -0.785601 1.31352
0.448052 -0.692638 0.565274 -0.362397 -0.893693 -0.364281 0.262009 1.34598 0.024438 -0.622562 -0.782211 1.31824
0.440041 -0.69202 0.572281 -0.340637 -0.897484 -0.360479 0.254194 1.37176 0.0303848 -0.625454 -0.779691 1.31739
0.430925 -0.6923 0.578842 -0.318923 -0.90193 -0.35129 0.251306 1.39671 0.0293596 -0.630355 -0.775774 1.31779
0.428448 -0.691594 0.581519 -0.312809 -0.903123 -0.348378 0.251076 1.40242 0.0289427 -0.632742 -0.773844 1.31964
0.37757 -0.690401 0.617107 -0.283198 -0.923926 -0.325464 0.201174 1.45596 0.0619519 -0.646104 -0.760754 1.32209
0.350772 -0.69694 0.625513 -0.275318 -0.934639 -0.302405 0.187186 1.47641 0.0586976 -0.650274 -0.757451 1.32417
0.299612 -0.710719 0.636509 -0.2631 -0.952462 -0.261645 0.156185 1.51458 0.0555327 -0.653032 -0.755315 1.33436
0.263901 -0.71388 0.648663 -0.2583 -0.963345 -0.22893 0.139979 1.54108 0.0485677 -0.661812 -0.748118 1.34137
0.254196 -0.71458 0.651761 -0.257135 -0.966074 -0.219683 0.135927 1.54774 0.0460481 -0.664187 -0.74617 1.34276
0.165739 -0.715887 0.678284 -0.239696 -0.985263 -0.149986 0.0824485 1.60199 0.0427074 -0.681938 -0.730186 1.35179
0.133818 -0.716103 0.685071 -0.229863 -0.990111 -0.126284 0.0613977 1.61788 0.0425448 -0.686497 -0.72591 1.35289
0.107981 -0.714883 0.69088 -0.221885 -0.993041 -0.110699 0.0406621 1.62746 0.0474094 -0.690447 -0.721851 1.35251
0.100225 -0.714919 0.692011 -0.219174 -0.993847 -0.105164 0.0352944 1.62997 0.0475405 -0.691275 -0.72105 1.35222
0.0759938 -0.71569 0.694295 -0.208108 -0.996146 -0.0853638 0.0210389 1.63524 0.0442087 -0.693203 -0.719409 1.3527
0.0184839 -0.718644 0.695156 -0.174011 -0.998532 -0.0489281 -0.0240303 1.6443 0.0512804 -0.693676 -0.718484 1.34832
0.0136537 -0.718665 0.695246 -0.169061 -0.998551 -0.0462404 -0.0281872 1.64444 0.052404 -0.693839 -0.718246 1.34828
0.000778953 -0.716881 0.69722 -0.152621 -0.998548 -0.0383522 -0.0383176 1.6459 0.0542074 -0.696162 -0.71586 1.3483
-0.0126784 -0.705233 0.708887 -0.10387 -0.998316 -0.0314392 -0.0491314 1.64339 0.0569343 -0.708301 -0.703637 1.35217
-0.0106716 -0.707807 0.706349 -0.0768164 -0.997964 -0.0370921 -0.0522453 1.63885 0.0631779 -0.705453 -0.70596 1.35494
-0.0106084 -0.706049 0.708108 -0.0684828 -0.997884 -0.0381676 -0.0530056 1.63658 0.0644496 -0.707156 -0.70414 1.3557
-0.0201873 -0.689043 0.724463 -0.00315782 -0.997963 -0.0302015 -0.0565327 1.62048 0.0608316 -0.724113 -0.68702 1.3538
-0.0267405 -0.688179 0.725072 0.0265988 -0.996957 -0.0349648 -0.0699527 1.61257 0.0734902 -0.724719 -0.68514 1.34992
-0.0283627 -0.690512 0.722788 0.0486667 -0.9972 -0.0307114 -0.0684702 1.60881 0.0694757 -0.72269 -0.687698 1.3508
-0.0277538 -0.689493 0.723784 0.054618 -0.997435 -0.0288997 -0.065777 1.60783 0.0662682 -0.723737 -0.686913 1.35189
-0.0243446 -0.682269 0.73072 0.0685972 -0.998046 -0.0257265 -0.057271 1.60759 0.0578717 -0.73067 -0.6803 1.35558
-0.00834986 -0.673575 0.739095 0.09959 -0.997895 -0.0421416 -0.0496789 1.61778 0.0646075 -0.737937 -0.671796 1.36164
-0.00746964 -0.671241 0.741225 0.102987 -0.997831 -0.043691 -0.0496209 1.62063 0.0656907 -0.739971 -0.66945 1.36186
-0.00861324 -0.669057 0.743184 0.111003 -0.997508 -0.0464967 -0.0534193 1.62883 0.0702945 -0.741776 -0.666981 1.362
-0.00982634 -0.6685 0.743671 0.115282 -0.997363 -0.0471199 -0.0555349 1.63241 0.0721651 -0.742239 -0.666265 1.36239
-0.0277861 -0.656019 0.754256 0.14275 -0.997011 -0.0364269 -0.068411 1.66787 0.0723524 -0.753885 -0.653038 1.37026
-0.0395215 -0.640793 0.766719 0.160557 -0.997714 -0.0170572 -0.0656837 1.7083 0.0551664 -0.767545 -0.638645 1.38231
-0.0368857 -0.638337 0.768896 0.162853 -0.998009 -0.0161513 -0.0612851 1.71504 0.0515379 -0.769608 -0.636461 1.38478
-0.0232154 -0.632276 0.774418 0.167343 -0.998962 -0.0160707 -0.0430672 1.7347 0.0396747 -0.774597 -0.631238 1.39097
0.038406 -0.62557 0.779244 0.172041 -0.998527 -0.0543156 0.00561006 1.81126 0.0388144 -0.778295 -0.626727 1.3986
0.0521185 -0.624116 0.779613 0.17215 -0.997763 -0.0656168 0.0141733 1.82947 0.0423086 -0.778591 -0.626132 1.39865
0.071087 -0.623298 0.778769 0.171999 -0.996305 -0.082392 0.025001 1.85141 0.0485797 -0.777651 -0.626844 1.39806
0.0757303 -0.623684 0.778022 0.171904 -0.995871 -0.086774 0.0273751 1.85632 0.0504371 -0.776865 -0.627673 1.39767
0.0915847 -0.624546 0.775622 0.171995 -0.994344 -0.0996989 0.0371322 1.87354 0.0541362 -0.774618 -0.630136 1.39597
0.111704 -0.624675 0.772877 0.170911 -0.9923 -0.11226 0.0526843 1.88825 0.0538508 -0.772794 -0.632397 1.39479
0.129355 -0.625299 0.769613 0.169005 -0.990064 -0.124872 0.0649516 1.89946 0.0554872 -0.770351 -0.63523 1.39277
0.150168 -0.623383 0.767385 0.167273 -0.987084 -0.138607 0.0805647 1.91338 0.0561403 -0.769554 -0.636137 1.39224
0.17429 -0.618678 0.766091 0.164342 -0.982909 -0.156374 0.0973343 1.92898 0.0595757 -0.769946 -0.635351 1.39228
0.187821 -0.616249 0.76485 0.161997 -0.980128 -0.168415 0.104992 1.93815 0.064108 -0.769354 -0.635627 1.39212
0.206467 -0.610783 0.764428 0.156945 -0.976156 -0.182304 0.117992 1.95053 0.0672881 -0.770546 -0.633851 1.39153
0.210614 -0.609602 0.76424 0.155806 -0.975249 -0.185072 0.121142 1.95349 0.0675886 -0.770821 -0.633484 1.3918
0.242491 -0.591983 0.768628 0.145305 -0.968095 -0.199471 0.151792 1.97374 0.0634582 -0.780896 -0.621458 1.39605
0.25981 -0.587611 0.76632 0.136076 -0.963581 -0.210032 0.165637 1.98895 0.063619 -0.781429 -0.620772 1.3941
0.263948 -0.587363 0.765096 0.13431 -0.962438 -0.212923 0.168569 1.99178 0.0638931 -0.780833 -0.621492 1.39325
0.274096 -0.586033 0.762543 0.129795 -0.959683 -0.218268 0.177214 1.99831 0.0625828 -0.780356 -0.622224 1.39227
0.320237 -0.564603 0.760728 0.125732 -0.945835 -0.236057 0.222961 2.01166 0.0536883 -0.790906 -0.609607 1.40012
0.347529 -0.549302 0.759952 0.12627 -0.935984 -0.252061 0.245838 2.01791 0.0565115 -0.796721 -0.601729 1.40316
0.372148 -0.532737 0.760087 0.129735 -0.926556 -0.261833 0.270139 2.01944 0.0550998 -0.804778 -0.591044 1.40789
0.393858 -0.518336 0.759104 0.134852 -0.917424 -0.272864 0.289683 2.0221 0.0569762 -0.810496 -0.582996 1.41096
0.410077 -0.505708 0.759033 0.138955 -0.909948 -0.283596 0.302664 2.02536 0.0621955 -0.814778 -0.576458 1.41453
0.436692 -0.484529 0.758002 0.140525 -0.897293 -0.29529 0.328185 2.03209 0.0648114 -0.823448 -0.563709 1.42158
0.448141 -0.473961 0.758001 0.139935 -0.891576 -0.29913 0.340074 2.03488 0.0655553 -0.828199 -0.556618 1.4253
0.45279 -0.468979 0.758337 0.138859 -0.889261 -0.299584 0.345691 2.03678 0.0650602 -0.830867 -0.552687 1.42767
0.464954 -0.454691 0.759677 0.132634 -0.882901 -0.301979 0.359629 2.04179 0.065883 -0.837913 -0.541847 1.43285
0.470751 -0.451351 0.758098 0.128448 -0.879713 -0.305705 0.364261 2.04412 0.0673412 -0.838367 -0.540964 1.43433
0.480372 -0.444984 0.755823 0.120235 -0.874627 -0.30752 0.37483 2.04796 0.0656337 -0.841103 -0.536912 1.43658
0.491749 -0.439354 0.751789 0.112496 -0.868397 -0.310979 0.386284 2.05056 0.0640713 -0.842789 -0.534452 1.43856
0.511086 -0.432846 0.742612 0.0966327 -0.857185 -0.320719 0.403002 2.0554 0.0637283 -0.842506 -0.534937 1.43839
0.522291 -0.430546 0.736124 0.0864972 -0.85049 -0.326318 0.412579 2.05726 0.0625721 -0.841534 -0.536602 1.4378
0.525667 -0.429916 0.734086 0.082652 -0.848406 -0.328435 0.415182 2.0578 0.0626025 -0.841032 -0.537384 1.43743
0.53613 -0.429605 0.726664 0.0716638 -0.841754 -0.33698 0.42182 2.05836 0.0636508 -0.837805 -0.54228 1.43576
0.561948 -0.443243 0.698418 0.0278591 -0.824859 -0.363673 0.432882 2.05294 0.0621199 -0.819336 -0.56997 1.42492
0.565436 -0.44748 0.692878 0.0158423 -0.822335 -0.370934 0.431523 2.04908 0.0639098 -0.813758 -0.57771 1.42058
0.570516 -0.458645 0.681317 0.000513013 -0.818435 -0.386823 0.424936 2.04433 0.0686499 -0.800029 -0.596051 1.41226
0.570664 -0.461507 0.679257 -0.00369073 -0.818313 -0.388948 0.423227 2.04318 0.0688687 -0.797348 -0.599608 1.40977
0.570036 -0.472458 0.67222 -0.0141339 -0.818766 -0.395039 0.41666 2.03848 0.0686947 -0.787884 -0.61201 1.40244
0.581233 -0.489981 0.64971 -0.0395397 -0.811168 -0.412529 0.414565 2.02033 0.0648919 -0.767966 -0.637223 1.38928
0.587493 -0.491817 0.642654 -0.0488748 -0.806961 -0.415753 0.419526 2.01199 0.0608516 -0.765049 -0.64112 1.38499
0.595397 -0.496507 0.63168 -0.0597249 -0.800818 -0.43037 0.416545 1.99981 0.0650346 -0.753854 -0.653843 1.37763
0.607705 -0.493683 0.622101 -0.0745337 -0.791773 -0.437639 0.426153 1.98018 0.061867 -0.751521 -0.65683 1.37372
0.610364 -0.49216 0.620702 -0.0772251 -0.789786 -0.438523 0.428923 1.9758 0.0610888 -0.752003 -0.65635 1.37376
0.631404 -0.483503 0.606292 -0.113803 -0.772214 -0.463676 0.434429 1.929 0.0710708 -0.742471 -0.666125 1.36219
0.632218 -0.482823 0.605986 -0.117824 -0.77152 -0.464351 0.434943 1.9233 0.0713852 -0.742492 -0.666069 1.36113
0.638656 -0.477968 0.603077 -0.135465 -0.766384 -0.465724 0.442489 1.89969 0.0693676 -0.744769 -0.663735 1.35871
0.641231 -0.470206 0.606438 -0.153139 -0.763758 -0.467681 0.444957 1.8759 0.0743931 -0.748474 -0.659006 1.3582
0.639751 -0.469588 0.608476 -0.172942 -0.764631 -0.469272 0.441773 1.8526 0.0780845 -0.747867 -0.659269 1.35074
0.637385 -0.47377 0.607717 -0.18627 -0.766015 -0.475195 0.432955 1.83499 0.0836577 -0.741462 -0.665787 1.34598
0.634517 -0.482321 0.603981 -0.200746 -0.768352 -0.47856 0.425035 1.81477 0.0840331 -0.733745 -0.674236 1.34333
0.629485 -0.490765 0.602442 -0.212059 -0.772594 -0.478103 0.417799 1.80258 0.0829836 -0.728424 -0.68011 1.34154
0.628114 -0.493997 0.60123 -0.215598 -0.773878 -0.477381 0.416246 1.79949 0.0813866 -0.726711 -0.682132 1.34174
0.616688 -0.522204 0.589099 -0.248572 -0.784653 -0.468274 0.406301 1.77712 0.0636834 -0.712782 -0.698516 1.33605
0.606832 -0.531244 0.591247 -0.26055 -0.792254 -0.464377 0.395888 1.77616 0.0642444 -0.708638 -0.702667 1.33485
0.59426 -0.541701 0.59452 -0.272914 -0.801923 -0.455823 0.386246 1.77497 0.0617614 -0.706272 -0.705268 1.33418
0.581334 -0.553446 0.596478 -0.288017 -0.811905 -0.443062 0.380194 1.77569 0.0538565 -0.705286 -0.706901 1.33311
0.570175 -0.566045 0.595426 -0.304096 -0.819957 -0.437174 0.369582 1.77734 0.0511007 -0.698932 -0.713386 1.33135
0.56563 -0.569656 0.596316 -0.309819 -0.823029 -0.435703 0.364454 1.77805 0.0521992 -0.696914 -0.715279 1.33162
0.547023 -0.581527 0.602188 -0.335088 -0.835775 -0.420456 0.353182 1.77973 0.047805 -0.696475 -0.716013 1.33519
0.519642 -0.594713 0.613455 -0.368498 -0.853435 -0.39555 0.339457 1.78365 0.0407696 -0.699922 -0.713081 1.33927
0.496824 -0.606495 0.620781 -0.410714 -0.867085 -0.377401 0.32523 1.78883 0.0370301 -0.699834 -0.713372 1.33591
0.485788 -0.614534 0.621608 -0.434336 -0.873523 -0.367161 0.319677 1.78797 0.031775 -0.698266 -0.71516 1.3355
0.48059 -0.617891 0.622321 -0.445971 -0.876551 -0.360376 0.319109 1.78654 0.027092 -0.698838 -0.714793 1.3356
0.470466 -0.624585 0.623374 -0.477772 -0.882021 -0.354665 0.310315 1.78403 0.0272682 -0.695803 -0.717742 1.32927
0.458609 -0.638719 0.617863 -0.504142 -0.888194 -0.352013 0.295368 1.78 0.0288358 -0.684222 -0.728729 1.32337
0.458551 -0.648857 0.607252 -0.524947 -0.888252 -0.356132 0.290209 1.77526 0.0279552 -0.67245 -0.73964 1.31735
0.459698 -0.651386 0.603667 -0.529789 -0.887573 -0.360365 0.287043 1.77376 0.0305618 -0.667734 -0.743798 1.3139
0.460756 -0.660408 0.592963 -0.539214 -0.886571 -0.37384 0.27254 1.77161 0.0416821 -0.65126 -0.757734 1.30609
0.48337 -0.667121 0.56687 -0.555497 -0.873595 -0.409595 0.262882 1.75937 0.0568099 -0.622267 -0.780765 1.28864
0.499257 -0.669148 0.550475 -0.560917 -0.863833 -0.43399 0.255907 1.74764 0.0676569 -0.603265 -0.79469 1.28371
0.509847 -0.66668 0.543721 -0.564016 -0.857521 -0.444501 0.259075 1.73667 0.0689602 -0.598325 -0.798305 1.28375
0.52418 -0.663745 0.533588 -0.571 -0.84859 -0.459992 0.26143 1.71426 0.0719191 -0.589818 -0.804351 1.28192
0.541486 -0.661823 0.518481 -0.579453 -0.838139 -0.47337 0.271086 1.67831 0.0660178 -0.581332 -0.811007 1.27693
0.553599 -0.65745 0.511201 -0.583204 -0.830219 -0.484037 0.276562 1.64822 0.065611 -0.577498 -0.813775 1.2773
0.554804 -0.655899 0.511887 -0.584125 -0.829427 -0.484424 0.278258 1.64209 0.0654568 -0.578935 -0.812766 1.2772
0.557092 -0.653051 0.513042 -0.589956 -0.827475 -0.488966 0.276116 1.61623 0.0705375 -0.578336 -0.812768 1.27013
0.546819 -0.662878 0.51149 -0.588979 -0.833803 -0.48671 0.260632 1.59444 0.0761758 -0.568984 -0.818837 1.2659
0.499121 -0.68723 0.527857 -0.5805 -0.863106 -0.448564 0.232123 1.5599 0.077251 -0.571438 -0.817025 1.26551
0.463923 -0.702918 0.539185 -0.574769 -0.88202 -0.423387 0.206948 1.54102 0.0828123 -0.571563 -0.816392 1.26227
0.418399 -0.72361 0.548973 -0.566115 -0.904847 -0.384619 0.182657 1.5185 0.0789693 -0.573143 -0.815665 1.26094
0.38018 -0.741942 0.55229 -0.56013 -0.921605 -0.354498 0.158175 1.50525 0.0784251 -0.569111 -0.818535 1.25701
0.317576 -0.764499 0.561004 -0.546496 -0.944277 -0.309102 0.113317 1.49301 0.0867731 -0.565714 -0.820047 1.2555
0.26505 -0.77691 0.571139 -0.535133 -0.960528 -0.264775 0.0855857 1.48286 0.0847277 -0.571262 -0.816406 1.25596
0.182086 -0.79434 0.579576 -0.519353 -0.979454 -0.19863 0.0354826 1.46698 0.0869333 -0.574112 -0.814173 1.25721
0.126565 -0.795719 0.592328 -0.513192 -0.98855 -0.15079 0.00865919 1.45854 0.0824243 -0.586625 -0.805678 1.25876
0.116244 -0.796687 0.593141 -0.512059 -0.989869 -0.142106 0.00312242 1.45764 0.0817989 -0.587477 -0.80512 1.2584
0.0469455 -0.798057 0.600783 -0.503218 -0.996154 -0.0821278 -0.0312559 1.45119 0.0742833 -0.596987 -0.798829 1.26201
0.0268965 -0.795386 0.605539 -0.501513 -0.997185 -0.0639481 -0.039705 1.45151 0.0703024 -0.602748 -0.794853 1.26389
0.00383004 -0.788805 0.614664 -0.497493 -0.998018 -0.0418423 -0.0474782 1.45194 0.0631689 -0.613245 -0.787387 1.26994
-0.0104629 -0.78333 0.62155 -0.494185 -0.998061 -0.0301828 -0.0548401 1.4524 0.0617171 -0.6209 -0.781481 1.27406
-0.0276834 -0.775328 0.630983 -0.490938 -0.997753 -0.0173244 -0.0650628 1.45056 0.0613756 -0.631347 -0.773093 1.27856
-0.0493928 -0.766229 0.640697 -0.48621 -0.997032 -0.000339092 -0.0772694 1.44847 0.0594227 -0.642593 -0.763925 1.28475
-0.0530575 -0.764121 0.642917 -0.485507 -0.996866 0.00245946 -0.0793447 1.44677 0.0590471 -0.645094 -0.761844 1.28616
-0.0656184 -0.757745 0.649274 -0.482676 -0.996301 0.01332 -0.0851456 1.44441 0.0558698 -0.652441 -0.755803 1.29024
-0.100636 -0.738552 0.666672 -0.47068 -0.993962 0.0448426 -0.100364 1.4348 0.0442283 -0.672728 -0.738593 1.30322
-0.119207 -0.725608 0.677733 -0.461034 -0.992033 0.058667 -0.111678 1.42937 0.0412739 -0.685627 -0.726808 1.31159
-0.129818 -0.716637 0.685287 -0.456064 -0.990648 0.0641034 -0.120629 1.4269 0.0425183 -0.694519 -0.718244 1.31655
-0.132903 -0.713353 0.688116 -0.454519 -0.990263 0.0661888 -0.122644 1.42525 0.0419427 -0.697696 -0.715192 1.31859
-0.146629 -0.697516 0.701436 -0.447042 -0.988562 0.0775954 -0.129489 1.42145 0.0358929 -0.71238 -0.700904 1.32631
-0.163629 -0.673399 0.720972 -0.435113 -0.985767 0.082614 -0.146563 1.41792 0.0391335 -0.734672 -0.677321 1.33841
-0.164991 -0.671282 0.722633 -0.43375 -0.985507 0.0825058 -0.148368 1.41897 0.0399757 -0.73662 -0.675154 1.33983
-0.172207 -0.654525 0.736194 -0.425568 -0.983996 0.0791951 -0.159762 1.42031 0.0462657 -0.751904 -0.657678 1.34907
-0.173972 -0.642664 0.746161 -0.420261 -0.983144 0.069791 -0.169116 1.42068 0.0566092 -0.762985 -0.643963 1.35572
-0.172665 -0.635092 0.752918 -0.41759 -0.982996 0.0623365 -0.172847 1.42319 0.0628394 -0.769939 -0.635047 1.36213
-0.170195 -0.630572 0.757266 -0.418373 -0.983053 0.0552813 -0.174909 1.42267 0.0684295 -0.774182 -0.629285 1.36445
-0.169694 -0.629354 0.758391 -0.418121 -0.983008 0.0531958 -0.175809 1.42343 0.0703025 -0.775318 -0.627678 1.3654
-0.164618 -0.625035 0.763068 -0.419765 -0.983523 0.0451865 -0.175166 1.42434 0.0750038 -0.77931 -0.622166 1.36766
-0.130453 -0.619173 0.774368 -0.4272 -0.987528 0.0115115 -0.157159 1.43193 0.0883937 -0.785192 -0.612943 1.37319
-0.090772 -0.618028 0.780923 -0.436294 -0.992013 -0.0130395 -0.125629 1.44876 0.087824 -0.786069 -0.6119 1.3736
-0.0773923 -0.619633 0.781092 -0.439326 -0.993125 -0.0212904 -0.115291 1.45528 0.088067 -0.784624 -0.613717 1.37355
-0.0113248 -0.618638 0.78562 -0.456427 -0.996562 -0.0577148 -0.059814 1.46956 0.0823438 -0.783575 -0.615848 1.37439
0.08421 -0.611811 0.786535 -0.479822 -0.993542 -0.112014 0.019242 1.48269 0.0763282 -0.783055 -0.617283 1.37507
0.123945 -0.612333 0.78085 -0.489683 -0.989418 -0.136308 0.0501593 1.48968 0.0757196 -0.778783 -0.622738 1.37412
0.154239 -0.610601 0.776799 -0.497645 -0.984925 -0.157557 0.0717167 1.49379 0.0785974 -0.776129 -0.625688 1.37239
0.200309 -0.607732 0.768492 -0.506408 -0.976297 -0.189658 0.10449 1.49949 0.0822457 -0.771186 -0.631307 1.37034
0.240997 -0.604066 0.759648 -0.516187 -0.967374 -0.212759 0.137713 1.50507 0.0784311 -0.768032 -0.635622 1.36756
0.270727 -0.599181 0.753478 -0.523514 -0.959593 -0.230587 0.161417 1.51025 0.0770218 -0.766712 -0.637386 1.36582
0.305323 -0.591572 0.746231 -0.531704 -0.949414 -0.249771 0.190451 1.51641 0.0737188 -0.766611 -0.637897 1.36525
0.32807 -0.585652 0.74123 -0.539952 -0.9421 -0.260746 0.210957 1.51975 0.0697225 -0.767501 -0.637276 1.36361
0.350176 -0.582545 0.733525 -0.54707 -0.934329 -0.272994 0.229232 1.52248 0.0667072 -0.765605 -0.639875 1.36141
0.370569 -0.580092 0.725405 -0.555554 -0.92618 -0.289723 0.241447 1.5281 0.0701011 -0.761308 -0.644621 1.35711
0.393024 -0.578306 0.714938 -0.564352 -0.916684 -0.30777 0.254977 1.53029 0.0725783 -0.755563 -0.651074 1.35205
0.407144 -0.57798 0.707258 -0.569314 -0.910484 -0.318515 0.26384 1.53329 0.0727747 -0.751348 -0.655912 1.34989
0.429605 -0.57459 0.696654 -0.578111 -0.899767 -0.337992 0.276086 1.53749 0.0768233 -0.745415 -0.66219 1.34556
0.448889 -0.573469 0.685327 -0.585127 -0.890364 -0.352353 0.288346 1.5416 0.0761161 -0.739606 -0.668753 1.34179
0.464941 -0.572703 0.675191 -0.589438 -0.88247 -0.361404 0.301128 1.54277 0.0715562 -0.735822 -0.673414 1.33864
0.485458 -0.571669 0.661488 -0.596144 -0.871541 -0.376336 0.314376 1.54379 0.0692192 -0.72911 -0.680917 1.33294
0.513021 -0.570113 0.641733 -0.60586 -0.855735 -0.398549 0.330031 1.54746 0.0676028 -0.718447 -0.692318 1.32571
0.52801 -0.567791 0.631553 -0.611935 -0.846228 -0.414569 0.334775 1.54861 0.0717358 -0.711184 -0.699366 1.32264
0.548025 -0.564668 0.617139 -0.620055 -0.833036 -0.435376 0.341384 1.55089 0.0759146 -0.701167 -0.708973 1.31711
0.568091 -0.558903 0.604104 -0.627514 -0.819006 -0.456088 0.34822 1.55421 0.0808988 -0.692567 -0.716832 1.31542
0.585597 -0.55062 0.594925 -0.632632 -0.80656 -0.469219 0.359637 1.55338 0.0811224 -0.690426 -0.718868 1.31399
0.597425 -0.544629 0.588646 -0.638924 -0.797896 -0.477407 0.368087 1.55436 0.0805483 -0.689565 -0.71976 1.31231
0.620708 -0.536712 0.571579 -0.648319 -0.780445 -0.49294 0.384656 1.55662 0.0752998 -0.684827 -0.724833 1.30879
0.635542 -0.53206 0.559499 -0.654877 -0.76868 -0.504097 0.393778 1.55927 0.0725238 -0.68032 -0.729346 1.3052
0.656296 -0.5271 0.539892 -0.663608 -0.751754 -0.51814 0.407972 1.5646 0.0646924 -0.673598 -0.73629 1.30014
0.676043 -0.520236 0.521884 -0.672109 -0.734345 -0.534465 0.418485 1.57364 0.0612131 -0.666139 -0.74334 1.29529
0.696182 -0.508895 0.506358 -0.681549 -0.715117 -0.553597 0.42683 1.58713 0.0631015 -0.659239 -0.749309 1.2888
0.716475 -0.502664 0.483771 -0.690726 -0.695748 -0.565922 0.442393 1.61236 0.0513967 -0.653529 -0.755182 1.28777
0.725905 -0.503485 0.468622 -0.697379 -0.68637 -0.574536 0.445925 1.63354 0.044719 -0.64533 -0.762621 1.28395
0.730954 -0.508434 0.45524 -0.699317 -0.681556 -0.578154 0.448626 1.65031 0.0350972 -0.638178 -0.769116 1.28211
0.734542 -0.516513 0.440119 -0.703299 -0.678116 -0.583083 0.447457 1.67937 0.0255045 -0.62711 -0.77854 1.27759
0.738219 -0.517161 0.433152 -0.709145 -0.674332 -0.583621 0.452447 1.70004 0.0188043 -0.626075 -0.779563 1.27387
0.744789 -0.519492 0.418879 -0.712692 -0.66725 -0.589561 0.455236 1.71823 0.0104591 -0.618535 -0.785715 1.2662
0.751855 -0.519693 0.405802 -0.705212 -0.65936 -0.591284 0.464406 1.74564 -0.00140814 -0.616719 -0.787209 1.26977
0.764049 -0.502676 0.404461 -0.693855 -0.645156 -0.588605 0.4872 1.76432 -0.00683961 -0.633168 -0.774012 1.27592
0.779547 -0.479085 0.403517 -0.679408 -0.626377 -0.59759 0.500583 1.78003 0.00131216 -0.642965 -0.765923 1.27924
0.797997 -0.449771 0.401185 -0.662323 -0.60266 -0.602954 0.522775 1.7919 0.00676275 -0.658933 -0.7522 1.28248
0.821473 -0.41528 0.390855 -0.644958 -0.569909 -0.622716 0.536165 1.80107 0.0207284 -0.663179 -0.748202 1.28347
0.841173 -0.384216 0.380591 -0.627423 -0.539951 -0.636253 0.551073 1.80917 0.0304164 -0.66903 -0.742642 1.28609
0.864995 -0.34359 0.365749 -0.606502 -0.500389 -0.645634 0.576899 1.81471 0.0379178 -0.682014 -0.730385 1.28946
0.878083 -0.322069 0.353957 -0.594227 -0.477292 -0.643089 0.598895 1.81613 0.034735 -0.694801 -0.718392 1.29621
0.880538 -0.316845 0.352571 -0.59196 -0.47274 -0.64165 0.604026 1.81641 0.0348392 -0.698524 -0.714768 1.29757
0.88718 -0.302347 0.348628 -0.586226 -0.460092 -0.637902 0.617611 1.81818 0.0356526 -0.708314 -0.705026 1.30293
0.895098 -0.284981 0.34297 -0.579982 -0.444485 -0.631846 0.63502 1.81947 0.03573 -0.720831 -0.69222 1.3085
0.90336 -0.266241 0.336304 -0.574483 -0.427331 -0.626372 0.651991 1.82108 0.0370598 -0.732677 -0.679599 1.31517
0.909819 -0.253722 0.32848 -0.570814 -0.4136 -0.620533 0.666274 1.82199 0.0347786 -0.742028 -0.669498 1.32177
0.914693 -0.245112 0.321404 -0.569391 -0.403027 -0.613714 0.678948 1.82244 0.0308267 -0.750544 -0.660133 1.32706
0.919641 -0.232974 0.316273 -0.568517 -0.391758 -0.603058 0.694905 1.82289 0.0288307 -0.762945 -0.645853 1.33425
0.923682 -0.21735 0.315619 -0.568114 -0.381838 -0.591864 0.70989 1.82435 0.0325033 -0.776207 -0.629673 1.34273
0.927441 -0.203343 0.313926 -0.568898 -0.372317 -0.582134 0.722874 1.82567 0.0357506 -0.787282 -0.61559 1.35025
0.931965 -0.188173 0.309962 -0.570689 -0.360453 -0.57385 0.735402 1.8249 0.0394831 -0.797076 -0.602623 1.35508
0.936159 -0.174504 0.305286 -0.572418 -0.348938 -0.568462 0.745077 1.82421 0.0435182 -0.804016 -0.59305 1.3589
0.941396 -0.154526 0.299901 -0.575185 -0.333485 -0.560768 0.757875 1.824 0.0510571 -0.813452 -0.579425 1.36375
0.944994 -0.140326 0.295534 -0.576409 -0.322238 -0.555318 0.766702 1.82444 0.0565212 -0.819739 -0.569979 1.368
0.948029 -0.127249 0.291709 -0.577843 -0.312217 -0.549582 0.774936 1.82471 0.0617021 -0.825718 -0.560738 1.37209
0.951339 -0.117278 0.285036 -0.578976 -0.301863 -0.541394 0.784741 1.82311 0.0622773 -0.832575 -0.55044 1.37633
0.95661 -0.10903 0.270288 -0.582561 -0.285773 -0.533071 0.796377 1.81935 0.057247 -0.839041 -0.541088 1.38083
0.968815 -0.0915864 0.23034 -0.59281 -0.243096 -0.532752 0.810634 1.81297 0.0484645 -0.841326 -0.538391 1.38605
0.974536 -0.0786812 0.210084 -0.600383 -0.218945 -0.537652 0.814273 1.81007 0.0488776 -0.839513 -0.541177 1.38626
0.982071 -0.0569449 0.179832 -0.613976 -0.181657 -0.542401 0.820274 1.80481 0.0508242 -0.838214 -0.543009 1.38562
0.98656 -0.04058 0.158424 -0.624336 -0.154704 -0.545691 0.823611 1.7994 0.0530219 -0.837029 -0.544623 1.3846
0.990472 -0.031402 0.134255 -0.634042 -0.129509 -0.545991 0.827749 1.794 0.0473023 -0.837228 -0.544844 1.38394
0.993098 -0.0239319 0.115021 -0.642694 -0.109284 -0.547561 0.829627 1.78986 0.04312 -0.836449 -0.546385 1.38359
0.995214 -0.0133057 0.0970494 -0.650959 -0.0883937 -0.548984 0.831174 1.78499 0.0422127 -0.835753 -0.547521 1.38277
0.996729 -0.00202246 0.0810735 -0.658801 -0.068672 -0.552875 0.830458 1.77993 0.0431373 -0.833288 -0.551193 1.37962
0.9977 0.00674196 0.0677867 -0.663717 -0.0526184 -0.555754 0.829708 1.77615 0.0432599 -0.831346 -0.554109 1.37737
0.998608 0.0236863 0.0476064 -0.671807 -0.0263556 -0.557143 0.830026 1.76856 0.0461771 -0.830105 -0.555731 1.37388
0.998819 0.0332036 0.0360904 -0.676685 -0.0113226 -0.559943 0.828482 1.7637 0.0477102 -0.827892 -0.558893 1.37099
0.998919 0.0440537 0.0162678 -0.680966 0.0115792 -0.566792 0.823808 1.7543 0.0455054 -0.822709 -0.566677 1.36495
0.998546 0.0542863 -0.00186341 -0.683901 0.0328292 -0.57584 0.816932 1.74196 0.0432683 -0.815786 -0.576772 1.35631
0.998009 0.06213 -0.0128015 -0.685399 0.0464768 -0.578835 0.814148 1.73279 0.0431663 -0.813102 -0.580556 1.35028
0.996451 0.0802402 -0.026338 -0.691319 0.0690389 -0.594355 0.801263 1.72304 0.0486324 -0.800218 -0.597771 1.34006
0.995403 0.0880081 -0.0383883 -0.69744 0.0836295 -0.59827 0.796948 1.71314 0.0471644 -0.796475 -0.602865 1.3371
0.993795 0.0991739 -0.0508117 -0.705825 0.101131 -0.611214 0.785008 1.70284 0.0467886 -0.785256 -0.617436 1.33012
0.993152 0.096101 -0.0667783 -0.719261 0.112743 -0.632812 0.766084 1.68221 0.0313567 -0.768347 -0.639298 1.32136
0.993035 0.0971716 -0.0669675 -0.726343 0.113893 -0.640507 0.75949 1.67231 0.0309011 -0.761808 -0.647098 1.31574
0.990958 0.1078 -0.0801718 -0.737677 0.131281 -0.650347 0.748238 1.65431 0.0285139 -0.751979 -0.658603 1.31194
0.988647 0.12271 -0.0869773 -0.74745 0.146288 -0.650083 0.74568 1.63571 0.034953 -0.74992 -0.660638 1.30696
0.98674 0.133954 -0.0919125 -0.752083 0.157568 -0.651451 0.74218 1.62202 0.0395346 -0.746802 -0.663903 1.30083
0.98492 0.141182 -0.100238 -0.755825 0.168808 -0.654175 0.737296 1.60592 0.0385123 -0.74308 -0.668126 1.29611
0.982597 0.148451 -0.111857 -0.760793 0.18221 -0.650378 0.737465 1.58941 0.0367209 -0.744994 -0.666092 1.29509
0.975128 0.168252 -0.144443 -0.772727 0.219442 -0.638486 0.737718 1.55892 0.0318914 -0.751047 -0.659511 1.29467
0.967103 0.187203 -0.172375 -0.783202 0.252819 -0.629661 0.734613 1.5379 0.0289773 -0.754008 -0.656259 1.29226
0.959757 0.203487 -0.193667 -0.792465 0.279543 -0.623754 0.729954 1.52118 0.0277292 -0.754698 -0.655519 1.28871
0.95105 0.221373 -0.215743 -0.803983 0.307876 -0.616005 0.725119 1.50621 0.0276165 -0.756027 -0.653991 1.28824
0.942236 0.236008 -0.237779 -0.81499 0.333988 -0.606039 0.721953 1.49495 0.0262769 -0.759647 -0.649839 1.2901
0.92781 0.256414 -0.271049 -0.827993 0.372282 -0.587672 0.718398 1.47732 0.0249125 -0.767425 -0.64069 1.29246
0.925218 0.260062 -0.276381 -0.829619 0.378651 -0.584016 0.71805 1.47438 0.0253197 -0.768986 -0.638799 1.29222
