0.882067 -0.3321 0.334168 0.985293 -0.46526 -0.725611 0.506973 -0.135646 0.074111 -0.602659 -0.79455 1.16724
0.887191 -0.32731 0.32521 0.98201 -0.456421 -0.725868 0.514583 -0.134175 0.0676323 -0.604965 -0.793374 1.17159
0.892109 -0.318358 0.32061 0.978077 -0.44671 -0.727922 0.520173 -0.133587 0.0677789 -0.60727 -0.791599 1.17419
0.897551 -0.303014 0.320289 0.973311 -0.434648 -0.730082 0.527314 -0.13141 0.0740546 -0.612504 -0.78699 1.18133
0.898895 -0.299827 0.319518 0.971176 -0.432323 -0.725576 0.535384 -0.130311 0.0713125 -0.619389 -0.781838 1.18722
0.901308 -0.298065 0.314328 0.970905 -0.427871 -0.725833 0.538601 -0.129314 0.0676123 -0.619937 -0.781733 1.18834
0.903732 -0.297644 0.307697 0.973605 -0.423747 -0.724189 0.544048 -0.127449 0.0608993 -0.622059 -0.780598 1.19037
0.902466 -0.299319 0.309782 0.979918 -0.426418 -0.722647 0.544012 -0.124863 0.0610305 -0.623048 -0.779798 1.19302
0.902559 -0.298784 0.310028 0.982517 -0.426257 -0.72168 0.545419 -0.124572 0.0607794 -0.624424 -0.778717 1.19379
0.900857 -0.297578 0.316079 0.988243 -0.428978 -0.721918 0.542966 -0.123606 0.0666089 -0.624726 -0.777998 1.19528
0.898384 -0.297559 0.323056 0.993493 -0.433323 -0.720518 0.541373 -0.122011 0.0716786 -0.626349 -0.77624 1.19764
0.89555 -0.292268 0.335514 0.998231 -0.437231 -0.717954 0.541637 -0.119339 0.0825819 -0.63176 -0.770752 1.20009
0.894425 -0.290362 0.340138 1.00065 -0.438624 -0.717943 0.540523 -0.117006 0.0872532 -0.63265 -0.769506 1.20023
0.896381 -0.28972 0.335505 1.01476 -0.435173 -0.719263 0.541558 -0.118684 0.0844169 -0.631445 -0.770812 1.20337
0.89399 -0.295072 0.337215 1.01554 -0.440474 -0.716842 0.540482 -0.112365 0.0822499 -0.63172 -0.770821 1.20681
0.878723 -0.307323 0.365239 1.01581 -0.467209 -0.71051 0.526205 -0.0984582 0.0977919 -0.633031 -0.767925 1.2089
0.867045 -0.32307 0.379288 1.01148 -0.488283 -0.70236 0.517949 -0.0849687 0.0990637 -0.634284 -0.766726 1.21204
0.855448 -0.338318 0.39211 1.00159 -0.50903 -0.688716 0.516292 -0.0676606 0.0953821 -0.641257 -0.761375 1.21897
0.852265 -0.341912 0.395907 0.998466 -0.5146 -0.683961 0.517092 -0.0638996 0.0939852 -0.644433 -0.758863 1.22077
0.84331 -0.353862 0.404489 0.978823 -0.529773 -0.67394 0.514923 -0.0447067 0.09039 -0.648527 -0.755806 1.22943
0.824509 -0.356654 0.439299 0.933084 -0.557595 -0.644232 0.523501 -0.0101673 0.096302 -0.676582 -0.730043 1.25032
0.813823 -0.35406 0.460798 0.913044 -0.571552 -0.630946 0.52463 0.00308014 0.104989 -0.690325 -0.715841 1.26121
0.796107 -0.350086 0.493614 0.883992 -0.593165 -0.613005 0.521901 0.0235539 0.119878 -0.708284 -0.695675 1.2768
0.789576 -0.342953 0.508875 0.864424 -0.600475 -0.602723 0.525504 0.0361897 0.126488 -0.720493 -0.68183 1.28616
0.786041 -0.339331 0.516715 0.849186 -0.60508 -0.593471 0.530727 0.0448938 0.126564 -0.729827 -0.671814 1.29223
0.783051 -0.332973 0.525321 0.83522 -0.608283 -0.586139 0.535194 0.0535649 0.129707 -0.738628 -0.661517 1.29804
0.779142 -0.326389 0.535172 0.824011 -0.612032 -0.580617 0.536936 0.0610665 0.135481 -0.745892 -0.652143 1.30266
0.771725 -0.321162 0.548905 0.815841 -0.619666 -0.573848 0.535455 0.0685664 0.143021 -0.753362 -0.641865 1.30811
0.754953 -0.316918 0.574116 0.806632 -0.637103 -0.561903 0.527603 0.0756325 0.155391 -0.764087 -0.626119 1.31509
0.735746 -0.312833 0.600679 0.79346 -0.655611 -0.551435 0.515844 0.0853531 0.169863 -0.773341 -0.610811 1.32189
0.722085 -0.310605 0.618157 0.783315 -0.66733 -0.548301 0.50402 0.0928785 0.182386 -0.776461 -0.603195 1.32372
0.714335 -0.310299 0.627249 0.778442 -0.673352 -0.548874 0.495313 0.0988865 0.190586 -0.776179 -0.601018 1.32581
0.693584 -0.306713 0.65182 0.769432 -0.69032 -0.541623 0.479691 0.1117 0.205914 -0.78267 -0.58739 1.33319
0.680362 -0.307732 0.665139 0.766133 -0.702513 -0.532376 0.472283 0.121122 0.208768 -0.788592 -0.578393 1.34133
0.674536 -0.310226 0.669897 0.75969 -0.706798 -0.533394 0.46468 0.127941 0.213164 -0.786926 -0.579059 1.34263
0.673036 -0.314174 0.669566 0.752249 -0.706734 -0.540093 0.456975 0.139542 0.218059 -0.780766 -0.585538 1.34321
0.674743 -0.316807 0.666601 0.741947 -0.704473 -0.545789 0.453687 0.154246 0.220093 -0.775725 -0.591447 1.34103
0.691208 -0.319323 0.648279 0.734866 -0.689454 -0.560186 0.459179 0.167926 0.21653 -0.764347 -0.607362 1.33878
0.704353 -0.319063 0.634103 0.731549 -0.675277 -0.576558 0.459981 0.180594 0.218835 -0.752184 -0.621555 1.33299
0.710342 -0.333491 0.619838 0.733858 -0.666417 -0.60205 0.4398 0.207246 0.226505 -0.725479 -0.649904 1.32434
0.722043 -0.342167 0.601313 0.739599 -0.657272 -0.610582 0.441796 0.231809 0.215984 -0.714222 -0.665762 1.31839
0.745033 -0.366003 0.557647 0.7499 -0.638095 -0.634624 0.435989 0.264308 0.194323 -0.680658 -0.706359 1.30824
0.754199 -0.377297 0.537432 0.759327 -0.629765 -0.647388 0.429284 0.300069 0.18596 -0.662221 -0.725867 1.30083
0.764176 -0.374922 0.524853 0.767262 -0.615901 -0.665832 0.421112 0.329053 0.19158 -0.64506 -0.739726 1.29088
0.761361 -0.372641 0.530537 0.771727 -0.614351 -0.676113 0.406749 0.345325 0.207132 -0.635619 -0.743697 1.2836
0.75763 -0.376675 0.533024 0.771404 -0.616666 -0.680655 0.395515 0.357047 0.213825 -0.628352 -0.747966 1.27835
0.752471 -0.385728 0.533857 0.766054 -0.620299 -0.687516 0.37756 0.369712 0.2214 -0.615254 -0.756601 1.27061
0.746917 -0.403643 0.528384 0.754631 -0.626503 -0.693418 0.355902 0.38646 0.222734 -0.596863 -0.770808 1.26262
0.737679 -0.426449 0.523423 0.726771 -0.637778 -0.694515 0.333 0.418772 0.221518 -0.579475 -0.784308 1.25934
0.729185 -0.439343 0.524661 0.695197 -0.648596 -0.688183 0.325159 0.44139 0.218207 -0.577394 -0.786767 1.26005
0.721994 -0.44773 0.527507 0.675729 -0.656968 -0.682803 0.319645 0.455013 0.217069 -0.577338 -0.787123 1.26243
0.710871 -0.459491 0.532477 0.639455 -0.669671 -0.673583 0.312773 0.473571 0.214952 -0.578926 -0.786537 1.26591
0.706471 -0.46652 0.532221 0.61717 -0.675138 -0.669847 0.309022 0.483615 0.212343 -0.577638 -0.788192 1.26761
0.698485 -0.47373 0.536377 0.586805 -0.683523 -0.663614 0.303996 0.496853 0.211936 -0.578963 -0.787328 1.26939
0.696336 -0.477283 0.536021 0.557509 -0.686089 -0.661922 0.301898 0.507015 0.210713 -0.577981 -0.788377 1.2688
0.696399 -0.476509 0.536627 0.528849 -0.685268 -0.663626 0.300015 0.517145 0.21316 -0.576664 -0.788684 1.26809
0.695398 -0.477226 0.537288 0.509527 -0.686358 -0.662589 0.299816 0.52702 0.212922 -0.577264 -0.78831 1.2694
0.692642 -0.478272 0.539912 0.482259 -0.691416 -0.653435 0.308168 0.539681 0.205409 -0.586754 -0.78328 1.27033
0.679178 -0.484022 0.551763 0.465761 -0.706587 -0.634612 0.313055 0.552952 0.19863 -0.602488 -0.773017 1.27039
0.676023 -0.486997 0.553018 0.462128 -0.710157 -0.630854 0.312573 0.556458 0.196652 -0.604037 -0.772314 1.26965
0.668453 -0.495755 0.554435 0.451632 -0.718613 -0.622684 0.309614 0.570202 0.191745 -0.605387 -0.77249 1.26676
0.661919 -0.501692 0.55693 0.446309 -0.723227 -0.622714 0.298615 0.589915 0.196996 -0.600446 -0.775022 1.26173
0.653329 -0.51956 0.550654 0.453157 -0.732889 -0.616413 0.287939 0.631309 0.189829 -0.591687 -0.7835 1.25353
0.630061 -0.535093 0.562761 0.469004 -0.75408 -0.59465 0.278847 0.662912 0.185437 -0.600058 -0.778168 1.2519
0.605635 -0.550554 0.574541 0.481809 -0.774425 -0.5738 0.266494 0.687481 0.182953 -0.606337 -0.773876 1.24941
0.571386 -0.576071 0.584519 0.50288 -0.800328 -0.548773 0.241504 0.719904 0.181645 -0.605798 -0.774606 1.2483
0.540858 -0.602244 0.587178 0.523562 -0.82295 -0.523192 0.221414 0.754357 0.173862 -0.602971 -0.778588 1.2514
0.506809 -0.616063 0.603004 0.535383 -0.844766 -0.494325 0.204973 0.781845 0.171804 -0.61328 -0.770956 1.24911
0.48292 -0.632461 0.605626 0.54412 -0.858501 -0.478225 0.185145 0.799521 0.172528 -0.60934 -0.773912 1.24622
0.460208 -0.649128 0.605676 0.553393 -0.870035 -0.465582 0.162092 0.813991 0.176773 -0.601555 -0.779028 1.2453
0.386604 -0.687417 0.614815 0.568528 -0.902167 -0.420243 0.0974259 0.84408 0.1914 -0.59233 -0.782632 1.2427
0.346933 -0.704183 0.619488 0.572167 -0.917642 -0.391368 0.0690344 0.857963 0.193835 -0.592418 -0.781965 1.24508
0.293735 -0.72444 0.623625 0.571063 -0.936962 -0.347384 0.0377783 0.880129 0.189269 -0.59541 -0.780811 1.25153
0.257131 -0.733265 0.62945 0.567276 -0.950048 -0.311043 0.0257519 0.895594 0.176903 -0.604629 -0.776614 1.25866
0.21988 -0.738955 0.636867 0.55776 -0.961289 -0.275263 0.0124998 0.916428 0.166069 -0.614961 -0.770872 1.26763
0.196798 -0.742274 0.640547 0.543728 -0.967066 -0.25452 0.00217494 0.936014 0.161418 -0.619879 -0.767916 1.27557
0.169893 -0.742183 0.648308 0.512769 -0.974213 -0.225617 -0.0029872 0.964108 0.148486 -0.631082 -0.761373 1.28731
0.157427 -0.736068 0.658349 0.478998 -0.976355 -0.216028 -0.0080598 0.980609 0.148154 -0.641513 -0.752671 1.29693
0.174118 -0.718127 0.673779 0.449042 -0.976009 -0.216694 0.0212634 0.987431 0.130734 -0.661317 -0.738627 1.30908
0.186419 -0.70346 0.685853 0.434001 -0.9744 -0.221678 0.0374791 0.987587 0.125674 -0.675282 -0.726775 1.31767
0.20996 -0.68329 0.699309 0.408391 -0.970209 -0.234041 0.0626152 0.980785 0.120882 -0.691623 -0.712073 1.33231
0.235202 -0.670533 0.703611 0.37319 -0.964763 -0.248922 0.0852796 0.967706 0.117961 -0.698875 -0.705451 1.33994
0.249741 -0.660604 0.707979 0.342169 -0.960249 -0.263125 0.0932125 0.954805 0.12471 -0.703115 -0.700056 1.34397
0.284385 -0.647414 0.707094 0.302917 -0.953008 -0.271232 0.13495 0.940713 0.104419 -0.712244 -0.694124 1.35623
0.298861 -0.640808 0.707142 0.270988 -0.949132 -0.276596 0.150484 0.92632 0.0991617 -0.716145 -0.690873 1.35962
0.300921 -0.638195 0.70863 0.259871 -0.948452 -0.277763 0.152608 0.921974 0.0994373 -0.718024 -0.68888 1.36007
0.312739 -0.63749 0.704133 0.204058 -0.943941 -0.291091 0.155708 0.903223 0.105704 -0.713355 -0.692787 1.36063
0.308559 -0.638743 0.704841 0.174499 -0.944469 -0.293774 0.147237 0.897504 0.113017 -0.711131 -0.693918 1.36223
0.30025 -0.636849 0.710124 0.14536 -0.948066 -0.281195 0.148675 0.896038 0.104999 -0.717883 -0.688202 1.36504
0.286985 -0.64043 0.712385 0.123956 -0.952339 -0.271022 0.140004 0.899414 0.103409 -0.71861 -0.687684 1.36309
0.268106 -0.650016 0.711056 0.0909318 -0.959507 -0.246376 0.136559 0.908612 0.0864215 -0.718875 -0.689748 1.36114
0.242338 -0.661361 0.709843 0.0333934 -0.967263 -0.221529 0.123821 0.918806 0.0753601 -0.716611 -0.693392 1.35257
0.229357 -0.667499 0.708409 -0.00378717 -0.970066 -0.216447 0.110125 0.924954 0.0798247 -0.712461 -0.697159 1.34596
0.218046 -0.673824 0.705988 -0.03602 -0.972794 -0.208104 0.101826 0.928001 0.078306 -0.708983 -0.700867 1.34439
0.203516 -0.674468 0.709702 -0.0657591 -0.976257 -0.194743 0.0948797 0.930775 0.074216 -0.712161 -0.698085 1.34738
0.196185 -0.671097 0.714943 -0.0937618 -0.977669 -0.189903 0.0900218 0.929155 0.0753566 -0.716638 -0.693365 1.34828
0.199938 -0.671275 0.713735 -0.116152 -0.976475 -0.196564 0.0886701 0.923335 0.0807722 -0.714672 -0.694782 1.34927
0.207718 -0.668342 0.714265 -0.135043 -0.974775 -0.202397 0.0940931 0.916404 0.081679 -0.715791 -0.693523 1.34893
0.220357 -0.666869 0.71185 -0.150928 -0.97178 -0.213093 0.101191 0.908758 0.0842095 -0.714059 -0.695005 1.34369
0.239822 -0.66949 0.703045 -0.168395 -0.966601 -0.232102 0.108702 0.898692 0.0904033 -0.705631 -0.70279 1.34139
0.244943 -0.667713 0.702968 -0.174244 -0.965463 -0.234405 0.113758 0.896084 0.0888215 -0.706553 -0.702066 1.34004
0.257623 -0.665546 0.700487 -0.186622 -0.962403 -0.241351 0.124637 0.888006 0.0861122 -0.706259 -0.702699 1.33471
0.28483 -0.671108 0.684461 -0.216141 -0.953875 -0.269097 0.133096 0.868706 0.0948647 -0.690799 -0.716798 1.32323
0.301601 -0.673866 0.674495 -0.232708 -0.948708 -0.282474 0.142005 0.85775 0.0948358 -0.682727 -0.724495 1.31907
0.317011 -0.672132 0.669138 -0.254587 -0.943995 -0.291718 0.154203 0.845169 0.0915548 -0.680546 -0.726965 1.30989
0.340588 -0.674998 0.654508 -0.280901 -0.936224 -0.307555 0.170001 0.832417 0.086547 -0.670664 -0.736697 1.3043
0.348043 -0.678127 0.647312 -0.298387 -0.933258 -0.316088 0.170654 0.824902 0.0888823 -0.663503 -0.742878 1.29605
0.359776 -0.679867 0.639018 -0.3188 -0.929781 -0.318444 0.184679 0.818906 0.077934 -0.660589 -0.746694 1.29129
0.377653 -0.686444 0.62143 -0.335409 -0.922777 -0.334524 0.191264 0.817853 0.0765915 -0.645672 -0.759767 1.2858
0.381487 -0.687406 0.618015 -0.34869 -0.920851 -0.340952 0.189186 0.8217 0.0806662 -0.64127 -0.763066 1.27748
0.376094 -0.694282 0.613619 -0.362268 -0.922131 -0.345301 0.174491 0.838175 0.0907378 -0.631461 -0.770083 1.26885
0.372425 -0.700474 0.608801 -0.374995 -0.92352 -0.344559 0.168507 0.861032 0.0917334 -0.624996 -0.775222 1.26583
0.373008 -0.70034 0.608599 -0.389478 -0.92364 -0.342555 0.171903 0.885846 0.0880881 -0.626246 -0.774635 1.26458
0.376705 -0.7026 0.603697 -0.399345 -0.921984 -0.347478 0.17091 0.907618 0.0896901 -0.62098 -0.77868 1.26369
0.37478 -0.704961 0.60214 -0.408604 -0.923267 -0.342922 0.173175 0.940597 0.0844057 -0.620837 -0.779385 1.26676
0.370507 -0.705389 0.60428 -0.419557 -0.926168 -0.329817 0.182866 0.975428 0.0703096 -0.627416 -0.775506 1.27034
0.364658 -0.706395 0.606658 -0.43134 -0.929519 -0.314645 0.192353 1.02021 0.055005 -0.634042 -0.771343 1.27454
0.367461 -0.701878 0.6102 -0.437774 -0.928952 -0.308751 0.204275 1.06209 0.0450244 -0.641907 -0.765463 1.28126
0.368888 -0.69634 0.615659 -0.438333 -0.928488 -0.306621 0.209525 1.09421 0.0428735 -0.648922 -0.75965 1.28326
0.371546 -0.69505 0.615519 -0.437029 -0.927486 -0.307577 0.21254 1.10057 0.0415939 -0.649852 -0.758926 1.28419
0.383798 -0.68923 0.614545 -0.433681 -0.922567 -0.314815 0.223091 1.11858 0.0397074 -0.652578 -0.756684 1.28475
0.42746 -0.682007 0.593421 -0.390244 -0.902808 -0.356268 0.24087 1.17615 0.0471426 -0.638706 -0.768009 1.28188
0.442453 -0.675556 0.5898 -0.371991 -0.895693 -0.365502 0.253279 1.19551 0.0444688 -0.640342 -0.766806 1.28027
0.458601 -0.665139 0.589305 -0.321001 -0.887104 -0.381713 0.259517 1.23403 0.0523308 -0.641787 -0.765099 1.28441
0.460922 -0.663041 0.589859 -0.312662 -0.885847 -0.38362 0.260995 1.23918 0.0532315 -0.642821 -0.764169 1.28415
0.491984 -0.646258 0.583359 -0.260971 -0.868801 -0.407604 0.281163 1.28977 0.056076 -0.645148 -0.762001 1.27485
0.506603 -0.64125 0.576331 -0.24466 -0.860965 -0.411781 0.298635 1.31546 0.0458228 -0.647488 -0.760701 1.27652
0.515576 -0.638173 0.571771 -0.240279 -0.85571 -0.417869 0.305211 1.33529 0.0441486 -0.646627 -0.761532 1.27588
0.517677 -0.637817 0.570268 -0.231997 -0.853814 -0.427935 0.296449 1.3581 0.054958 -0.640366 -0.766106 1.27354
0.507301 -0.642911 0.573861 -0.222647 -0.85945 -0.426314 0.282154 1.37831 0.0632452 -0.63634 -0.768816 1.27272
0.474364 -0.663712 0.578334 -0.200397 -0.878316 -0.401272 0.259906 1.41822 0.0595671 -0.631248 -0.773295 1.27714
0.417757 -0.685218 0.596625 -0.183603 -0.906895 -0.354257 0.228148 1.46155 0.0550278 -0.636385 -0.769411 1.27996
0.347347 -0.708606 0.614193 -0.158381 -0.93609 -0.300857 0.182287 1.51372 0.0556144 -0.638255 -0.767818 1.29112
0.304725 -0.715028 0.629192 -0.146535 -0.950482 -0.270683 0.15272 1.54745 0.0611124 -0.644571 -0.762102 1.29442
0.271854 -0.723454 0.634598 -0.13576 -0.960313 -0.246744 0.130094 1.57668 0.0624661 -0.644778 -0.761818 1.2954
0.204942 -0.738375 0.642501 -0.115827 -0.976234 -0.201507 0.0798179 1.61112 0.0705333 -0.643588 -0.76212 1.29513
0.14826 -0.743513 0.652084 -0.0936439 -0.985767 -0.163996 0.0371374 1.6297 0.079327 -0.648307 -0.75724 1.29866
0.117566 -0.741436 0.660649 -0.0774539 -0.989465 -0.144095 0.0143655 1.63527 0.0845452 -0.655376 -0.750561 1.30346
0.0972691 -0.740046 0.66549 -0.0604355 -0.990978 -0.134001 -0.00417069 1.6377 0.0922628 -0.659077 -0.746399 1.30706
0.0838947 -0.734004 0.673949 -0.0385071 -0.992161 -0.124427 -0.0120089 1.63768 0.0926723 -0.667656 -0.738685 1.31215
0.0805105 -0.72722 0.681672 -0.0121069 -0.992933 -0.118376 -0.0090133 1.63704 0.0872483 -0.676126 -0.731607 1.31796
0.0833296 -0.718947 0.690057 0.0186498 -0.993277 -0.115806 -0.000708949 1.63647 0.0804226 -0.685356 -0.723759 1.32268
0.0926765 -0.716814 0.691083 0.0534983 -0.992646 -0.120855 0.00776202 1.63394 0.0779569 -0.686716 -0.722739 1.32509
0.0953214 -0.711942 0.695744 0.0825645 -0.992125 -0.125043 0.00797308 1.63192 0.0813217 -0.691022 -0.71825 1.32819
0.110016 -0.700787 0.704842 0.127944 -0.989432 -0.144646 0.0106224 1.63132 0.0945089 -0.698558 -0.70929 1.32789
0.130973 -0.684863 0.716809 0.165633 -0.986206 -0.163863 0.0236361 1.62901 0.101271 -0.710014 -0.696874 1.3275
0.135838 -0.683361 0.717337 0.172186 -0.985379 -0.16839 0.0261814 1.6288 0.102901 -0.710402 -0.696239 1.32681
0.160595 -0.680239 0.715186 0.20497 -0.980604 -0.192482 0.0371181 1.6342 0.112411 -0.707272 -0.697953 1.32423
0.160699 -0.672925 0.722049 0.236813 -0.979739 -0.197384 0.0340947 1.657 0.119577 -0.712895 -0.691006 1.33042
0.157747 -0.672685 0.722924 0.239389 -0.980045 -0.196352 0.0311462 1.66069 0.120996 -0.713407 -0.690231 1.33105
0.139595 -0.66218 0.736233 0.253046 -0.98381 -0.177172 0.0271861 1.68691 0.112438 -0.728105 -0.676187 1.34439
0.133402 -0.647981 0.749888 0.25737 -0.985556 -0.166425 0.0315181 1.71307 0.104377 -0.743257 -0.660819 1.3561
0.145483 -0.63921 0.755151 0.256786 -0.983776 -0.17449 0.0418288 1.73459 0.105029 -0.74898 -0.654221 1.36213
0.164522 -0.628438 0.760267 0.25502 -0.980666 -0.187053 0.0575983 1.75403 0.106013 -0.75504 -0.647058 1.36943
0.179135 -0.618892 0.764782 0.25129 -0.977778 -0.19809 0.0687223 1.7661 0.108964 -0.760093 -0.64062 1.37385
0.192297 -0.610216 0.768548 0.247254 -0.974891 -0.208443 0.0784245 1.77734 0.112343 -0.764327 -0.634973 1.37797
0.195515 -0.608513 0.769087 0.246086 -0.97412 -0.211237 0.080504 1.78 0.113472 -0.764918 -0.63406 1.37882
0.209039 -0.601316 0.771188 0.241206 -0.970912 -0.221816 0.0902209 1.79034 0.11681 -0.76761 -0.630189 1.3826
0.220249 -0.595953 0.77223 0.236792 -0.96852 -0.227807 0.100427 1.7976 0.116069 -0.770034 -0.627363 1.38574
0.238462 -0.589137 0.772051 0.229146 -0.96446 -0.236871 0.11714 1.80766 0.113865 -0.772541 -0.624679 1.38818
0.256451 -0.580879 0.772542 0.22256 -0.960181 -0.244805 0.134669 1.81929 0.110896 -0.776311 -0.620525 1.39141
0.271138 -0.573777 0.772834 0.217435 -0.956506 -0.250426 0.149652 1.82677 0.107671 -0.779792 -0.616717 1.39332
0.288163 -0.562084 0.775263 0.21096 -0.952085 -0.254849 0.169115 1.8373 0.102519 -0.786843 -0.608586 1.39614
0.309244 -0.542628 0.780981 0.203149 -0.946343 -0.256675 0.196383 1.8495 0.0938962 -0.799801 -0.592883 1.40164
0.319895 -0.532127 0.783911 0.199532 -0.942676 -0.261798 0.206972 1.85761 0.0950913 -0.805178 -0.585367 1.40481
0.327616 -0.522369 0.787278 0.195546 -0.939808 -0.265866 0.214683 1.86512 0.0971671 -0.810218 -0.578025 1.40612
0.342802 -0.508123 0.79013 0.192076 -0.934582 -0.269677 0.232046 1.87311 0.0951721 -0.817981 -0.567324 1.41031
0.358863 -0.492502 0.792886 0.186928 -0.928562 -0.274729 0.249621 1.88162 0.0948905 -0.825817 -0.555905 1.41309
0.384633 -0.477204 0.790153 0.180406 -0.918265 -0.285099 0.274812 1.89409 0.0941308 -0.831266 -0.547855 1.41444
0.394502 -0.470085 0.789555 0.178363 -0.913468 -0.29393 0.281415 1.90076 0.0997855 -0.832246 -0.54536 1.41555
0.410361 -0.459653 0.787611 0.174848 -0.906005 -0.303792 0.294752 1.90857 0.103786 -0.834529 -0.541109 1.41738
0.423628 -0.452964 0.784456 0.171334 -0.899676 -0.311276 0.30611 1.91433 0.105526 -0.835428 -0.539382 1.41679
0.441548 -0.445942 0.778575 0.166742 -0.890907 -0.320866 0.321471 1.92223 0.106461 -0.835577 -0.538967 1.41718
0.463529 -0.439543 0.769384 0.160834 -0.879901 -0.330765 0.341148 1.9303 0.104536 -0.835109 -0.540069 1.41681
0.488483 -0.435478 0.756143 0.153159 -0.866497 -0.344243 0.361516 1.93782 0.102865 -0.831785 -0.545493 1.4152
0.506979 -0.432262 0.745741 0.146084 -0.85656 -0.349389 0.379797 1.94229 0.096382 -0.831316 -0.547387 1.41393
0.529234 -0.429178 0.731933 0.13694 -0.843442 -0.360001 0.39877 1.94761 0.0923539 -0.828381 -0.552508 1.41181
0.550115 -0.427644 0.717289 0.128486 -0.830967 -0.365632 0.41931 1.9504 0.0829485 -0.826707 -0.556493 1.411
0.568976 -0.429506 0.701284 0.121183 -0.819058 -0.372341 0.436487 1.95268 0.0736435 -0.822737 -0.563639 1.40872
0.581643 -0.430563 0.690156 0.116179 -0.810419 -0.379911 0.445984 1.95372 0.0701743 -0.818714 -0.569905 1.40566
0.596434 -0.437128 0.673197 0.108284 -0.799169 -0.401639 0.447245 1.95777 0.0748795 -0.804745 -0.588886 1.39567
0.602989 -0.439055 0.666066 0.105098 -0.793793 -0.413348 0.446149 1.95858 0.0794334 -0.797736 -0.597759 1.38974
0.613272 -0.441491 0.654975 0.100892 -0.785501 -0.428068 0.446944 1.95764 0.0830524 -0.788576 -0.60931 1.38184
0.62152 -0.443089 0.64606 0.0976931 -0.778779 -0.438954 0.448148 1.95765 0.0850214 -0.781666 -0.617883 1.37719
0.624748 -0.443081 0.642945 0.0964999 -0.776153 -0.44241 0.449303 1.95717 0.0853676 -0.77972 -0.620289 1.37565
0.638802 -0.442739 0.629224 0.0907312 -0.764657 -0.455818 0.45557 1.95532 0.0851138 -0.772155 -0.629716 1.3698
0.649797 -0.443266 0.617485 0.0868128 -0.755404 -0.466893 0.459771 1.95312 0.0844985 -0.765204 -0.638226 1.36495
0.660692 -0.443449 0.605679 0.0841946 -0.745499 -0.482114 0.460229 1.94871 0.0879187 -0.755598 -0.649115 1.36084
0.663837 -0.443659 0.602077 0.0831713 -0.74177 -0.493318 0.454343 1.94128 0.0954425 -0.748207 -0.656571 1.35719
0.659365 -0.453017 0.600018 0.0838797 -0.743699 -0.510064 0.432157 1.92035 0.110274 -0.731177 -0.673222 1.35037
0.657088 -0.455144 0.600906 0.0818141 -0.746391 -0.50448 0.434066 1.90303 0.105583 -0.733726 -0.671199 1.34884
0.656 -0.453114 0.603623 0.0767288 -0.746047 -0.510498 0.427573 1.882 0.114409 -0.730814 -0.672927 1.34391
0.659372 -0.450652 0.601789 0.0730456 -0.742194 -0.517885 0.425391 1.8556 0.119955 -0.72713 -0.675945 1.34525
0.660602 -0.446453 0.603567 0.0652022 -0.741417 -0.514299 0.431057 1.83439 0.117967 -0.732248 -0.67075 1.34281
0.660511 -0.446235 0.603828 0.0638329 -0.741258 -0.515528 0.429861 1.82719 0.119472 -0.731516 -0.671283 1.3429
0.665031 -0.43822 0.604736 0.0502149 -0.736622 -0.518281 0.434495 1.78142 0.123019 -0.73441 -0.667471 1.3419
0.65493 -0.44796 0.608611 0.0334274 -0.745652 -0.513948 0.424116 1.74192 0.122808 -0.731573 -0.670618 1.34394
0.650105 -0.452231 0.610623 0.0315849 -0.750068 -0.510481 0.420501 1.73746 0.121548 -0.731373 -0.671065 1.34454
0.627197 -0.469358 0.62156 0.0287265 -0.769621 -0.496085 0.401992 1.72834 0.119669 -0.730488 -0.672366 1.35219
0.609219 -0.477297 0.633285 0.0187483 -0.785125 -0.475369 0.397011 1.72055 0.111552 -0.739069 -0.664337 1.35836
0.577893 -0.494467 0.649269 -0.00103369 -0.809823 -0.446066 0.381084 1.71531 0.101183 -0.746014 -0.658206 1.37016
0.553747 -0.509407 0.658694 -0.0245944 -0.828255 -0.418511 0.372633 1.71458 0.0858496 -0.751906 -0.653664 1.37913
0.528962 -0.520524 0.670271 -0.0547793 -0.845677 -0.389386 0.364996 1.70944 0.0710055 -0.759897 -0.646162 1.38626
0.51184 -0.534473 0.672582 -0.0866965 -0.856486 -0.378352 0.351132 1.70488 0.0668029 -0.755776 -0.651421 1.38738
0.490214 -0.543666 0.681268 -0.117842 -0.868894 -0.366471 0.332771 1.69935 0.0687487 -0.755073 -0.652033 1.38873
0.478476 -0.552043 0.682876 -0.147381 -0.875283 -0.362168 0.320511 1.69133 0.0703803 -0.751061 -0.656479 1.38791
0.455613 -0.566877 0.68635 -0.189015 -0.886391 -0.360013 0.291059 1.67956 0.0821005 -0.740979 -0.666498 1.38198
0.450827 -0.562673 0.692937 -0.216487 -0.889227 -0.350707 0.293756 1.65387 0.0777295 -0.748606 -0.658449 1.38119
0.453051 -0.564147 0.690283 -0.232029 -0.887658 -0.357191 0.290672 1.64015 0.0825814 -0.74442 -0.662592 1.37495
0.459933 -0.567519 0.68293 -0.245678 -0.883838 -0.366622 0.290573 1.62258 0.0854724 -0.737237 -0.670212 1.37215
0.468835 -0.570783 0.674099 -0.264693 -0.879013 -0.376531 0.29253 1.60151 0.0868492 -0.729685 -0.678253 1.36793
0.478614 -0.56641 0.670907 -0.278767 -0.873886 -0.381461 0.301368 1.58232 0.0852276 -0.730531 -0.677547 1.36684
0.488724 -0.564011 0.665619 -0.302855 -0.868082 -0.390575 0.306427 1.55087 0.0871463 -0.727565 -0.680488 1.36693
0.503999 -0.558015 0.659252 -0.323385 -0.860731 -0.387854 0.329735 1.53402 0.0716966 -0.733619 -0.675775 1.36528
0.539338 -0.552699 0.635332 -0.347903 -0.840488 -0.399922 0.365589 1.5211 0.052023 -0.731159 -0.680227 1.36455
0.544191 -0.550853 0.632792 -0.353647 -0.837395 -0.402817 0.369489 1.51877 0.0513651 -0.730964 -0.680487 1.36344
0.558102 -0.548633 0.622521 -0.37871 -0.82829 -0.413275 0.378355 1.51287 0.0496941 -0.726783 -0.685074 1.35497
0.576872 -0.547202 0.606463 -0.392846 -0.815956 -0.42061 0.396632 1.50688 0.0380472 -0.723647 -0.689127 1.35723
0.603858 -0.535859 0.590102 -0.416713 -0.796331 -0.438073 0.417089 1.50384 0.0350074 -0.721773 -0.691251 1.35903
0.629724 -0.524272 0.573233 -0.43845 -0.776395 -0.44935 0.441937 1.49993 0.0258879 -0.723347 -0.690005 1.36099
0.638979 -0.516498 0.570039 -0.457139 -0.768648 -0.457596 0.446991 1.50345 0.0299779 -0.723771 -0.689396 1.36353
0.63961 -0.515348 0.570373 -0.469073 -0.768051 -0.459122 0.446452 1.50737 0.0317927 -0.723625 -0.689468 1.36381
0.632635 -0.522002 0.572099 -0.490188 -0.773768 -0.45722 0.438459 1.51773 0.032699 -0.720051 -0.693158 1.36207
0.635133 -0.522621 0.568756 -0.508279 -0.771858 -0.457293 0.441738 1.52442 0.029227 -0.719555 -0.693827 1.36348
0.634908 -0.523819 0.567904 -0.52431 -0.771883 -0.461654 0.437136 1.53125 0.0331959 -0.715891 -0.69743 1.36274
0.633196 -0.53015 0.563928 -0.547983 -0.773029 -0.46966 0.426452 1.54005 0.0387711 -0.705954 -0.707203 1.35984
0.628256 -0.539437 0.560636 -0.564477 -0.776758 -0.475853 0.412584 1.54425 0.0442175 -0.694681 -0.717965 1.35343
0.610272 -0.558542 0.561791 -0.585758 -0.790064 -0.481162 0.379864 1.55068 0.0581427 -0.675666 -0.734919 1.34261
0.598922 -0.57013 0.562364 -0.593434 -0.798076 -0.482975 0.360312 1.5519 0.0661835 -0.664603 -0.744268 1.33815
0.579712 -0.585145 0.567053 -0.600675 -0.811579 -0.476751 0.337733 1.55223 0.0727204 -0.655991 -0.751265 1.33326
0.520081 -0.625299 0.581831 -0.609693 -0.850596 -0.441039 0.286332 1.55124 0.0775673 -0.643814 -0.761248 1.32714
0.4986 -0.636426 0.588533 -0.61207 -0.863437 -0.424739 0.272192 1.54841 0.0767433 -0.64387 -0.761284 1.32525
0.464566 -0.654587 0.59641 -0.613418 -0.881904 -0.403021 0.244612 1.54771 0.0802456 -0.639609 -0.764508 1.3234
0.455922 -0.658163 0.599139 -0.613725 -0.886401 -0.396492 0.238963 1.54738 0.0802775 -0.64002 -0.764161 1.32276
0.428073 -0.6716 0.604747 -0.615221 -0.900196 -0.376165 0.219458 1.544 0.0800966 -0.638329 -0.765593 1.31998
0.395761 -0.687758 0.608584 -0.617074 -0.915003 -0.351926 0.197314 1.53632 0.0784728 -0.634939 -0.768574 1.31605
0.362796 -0.705869 0.608391 -0.616613 -0.929134 -0.324053 0.178086 1.52812 0.071446 -0.62988 -0.773407 1.31636
0.330193 -0.717169 0.61372 -0.615386 -0.941788 -0.293999 0.163142 1.51715 0.0634329 -0.631857 -0.772493 1.31793
0.303337 -0.723933 0.619612 -0.613468 -0.950809 -0.272914 0.146612 1.50565 0.0629638 -0.6336 -0.771102 1.31876
0.24132 -0.741972 0.625504 -0.603635 -0.968972 -0.21983 0.113067 1.47206 0.0536123 -0.633375 -0.771994 1.31843
0.21621 -0.748322 0.62712 -0.602633 -0.974958 -0.199828 0.0976832 1.45763 0.0522183 -0.63253 -0.772782 1.31574
0.208936 -0.751715 0.625526 -0.60152 -0.976469 -0.1954 0.0913369 1.45224 0.0535691 -0.629885 -0.774847 1.31545
0.178284 -0.756738 0.628947 -0.597067 -0.982434 -0.172791 0.0705846 1.42648 0.0552626 -0.630477 -0.774246 1.3164
0.155837 -0.756841 0.634758 -0.596946 -0.986495 -0.152152 0.060775 1.40364 0.0505832 -0.635651 -0.770326 1.31766
0.136027 -0.749921 0.647401 -0.597255 -0.989629 -0.13342 0.0533845 1.3828 0.0463427 -0.647943 -0.760286 1.32337
0.119046 -0.743022 0.658603 -0.601026 -0.991768 -0.120607 0.0431998 1.36282 0.0473343 -0.658319 -0.751258 1.32356
0.0808036 -0.745239 0.661893 -0.599562 -0.995148 -0.0978114 0.0113587 1.33133 0.0562761 -0.659594 -0.749521 1.32291
0.0615532 -0.744354 0.664952 -0.597066 -0.996561 -0.0829588 -0.00061599 1.31675 0.0556225 -0.662622 -0.746895 1.32487
0.0383514 -0.742036 0.669272 -0.59112 -0.99757 -0.0675147 -0.0176915 1.303 0.0583137 -0.666962 -0.742816 1.32715
0.0240146 -0.741075 0.671002 -0.588133 -0.997406 -0.0633987 -0.0343236 1.29034 0.0679773 -0.668432 -0.74067 1.32613
0.00122983 -0.736973 0.675931 -0.582347 -0.996935 -0.0538515 -0.0569012 1.27969 0.0783346 -0.673784 -0.734774 1.32845
-0.010069 -0.731433 0.681849 -0.578958 -0.996413 -0.0500296 -0.0683823 1.27395 0.0841298 -0.680086 -0.728299 1.33217
-0.0158681 -0.727705 0.685716 -0.577617 -0.996239 -0.0469853 -0.0729168 1.27538 0.0852806 -0.684288 -0.724217 1.33436
-0.019255 -0.723705 0.689851 -0.57725 -0.995987 -0.0465036 -0.0765861 1.27846 0.0875063 -0.688551 -0.719899 1.33624
-0.016935 -0.721103 0.692631 -0.576837 -0.995995 -0.0487267 -0.0750824 1.2797 0.0878918 -0.691122 -0.717384 1.33816
-0.00860881 -0.716267 0.697783 -0.576786 -0.996226 -0.0541969 -0.0679238 1.28409 0.0864694 -0.695729 -0.713091 1.34298
-0.00622477 -0.714562 0.699554 -0.576923 -0.996285 -0.0557241 -0.0657852 1.28588 0.0859897 -0.697359 -0.711555 1.34463
0.0105261 -0.705301 0.708839 -0.580044 -0.996584 -0.0655375 -0.0504116 1.28942 0.082011 -0.705882 -0.703576 1.34855
0.0505328 -0.695303 0.716947 -0.586982 -0.99527 -0.0947693 -0.0217589 1.30625 0.0830737 -0.712451 -0.696798 1.35114
0.100412 -0.68238 0.724078 -0.595141 -0.991177 -0.131959 0.0130915 1.32409 0.0866153 -0.718998 -0.689604 1.35543
0.134627 -0.671849 0.72836 -0.601867 -0.986979 -0.156288 0.0382672 1.33 0.0881242 -0.724022 -0.684135 1.3579
0.179087 -0.659909 0.7297 -0.611581 -0.979931 -0.185712 0.0725497 1.34057 0.0876381 -0.728042 -0.679918 1.359
0.226294 -0.648933 0.726424 -0.62229 -0.970138 -0.217068 0.108302 1.3529 0.0874024 -0.729233 -0.678671 1.36114
0.273071 -0.635023 0.722628 -0.637608 -0.958007 -0.247899 0.144171 1.3671 0.0875865 -0.731646 -0.676046 1.36221
0.298876 -0.62679 0.719598 -0.645707 -0.950206 -0.265241 0.163623 1.37556 0.0883096 -0.732663 -0.674849 1.36259
0.322492 -0.618557 0.71652 -0.653882 -0.942402 -0.280859 0.181697 1.38275 0.0888508 -0.733839 -0.673499 1.36212
0.351747 -0.608129 0.711666 -0.661976 -0.93113 -0.305565 0.199109 1.38626 0.0963756 -0.732682 -0.673723 1.36055
0.389069 -0.592786 0.705156 -0.671017 -0.915664 -0.332777 0.225468 1.38974 0.101005 -0.733402 -0.672261 1.35949
0.419268 -0.580729 0.697842 -0.678825 -0.901936 -0.354192 0.247138 1.39438 0.10365 -0.733018 -0.672277 1.359
0.443828 -0.570329 0.6912 -0.685621 -0.890291 -0.368478 0.267624 1.39631 0.102058 -0.734141 -0.671294 1.35871
0.478145 -0.555875 0.679997 -0.697064 -0.872769 -0.387397 0.29701 1.39709 0.0983274 -0.735487 -0.670377 1.35732
0.509961 -0.543949 0.666389 -0.708697 -0.854914 -0.406296 0.322587 1.40059 0.0952802 -0.734205 -0.67222 1.3553
0.544077 -0.530571 0.649992 -0.719106 -0.83407 -0.426249 0.350223 1.40516 0.0912395 -0.73268 -0.674441 1.35308
0.560547 -0.522893 0.642172 -0.723072 -0.823009 -0.437871 0.36186 1.4082 0.0919733 -0.731346 -0.675788 1.3519
0.576332 -0.514972 0.634556 -0.728579 -0.812062 -0.448031 0.373953 1.414 0.0917244 -0.730813 -0.676399 1.3498
0.592619 -0.507869 0.62521 -0.733481 -0.8 -0.461601 0.383331 1.41921 0.0939154 -0.72733 -0.679843 1.34389
0.606 -0.505788 0.613969 -0.736942 -0.788824 -0.481694 0.381766 1.43069 0.102652 -0.715657 -0.690879 1.33701
0.623854 -0.501743 0.59923 -0.739612 -0.774109 -0.502253 0.385377 1.44207 0.107604 -0.704282 -0.70173 1.32994
0.641297 -0.498168 0.583595 -0.739093 -0.757766 -0.530732 0.379647 1.46054 0.120604 -0.685689 -0.717846 1.32074
0.643862 -0.497716 0.581152 -0.738832 -0.754992 -0.536628 0.376877 1.46559 0.124283 -0.681415 -0.721279 1.3199
0.656874 -0.493075 0.570447 -0.738275 -0.743596 -0.548934 0.381778 1.47853 0.124892 -0.674956 -0.727223 1.31603
0.670815 -0.486157 0.560067 -0.735035 -0.730553 -0.563231 0.386111 1.50201 0.127735 -0.668161 -0.732981 1.31418
0.680631 -0.480764 0.552833 -0.734272 -0.72166 -0.570087 0.392717 1.51989 0.126358 -0.666246 -0.73496 1.31219
0.660984 -0.508691 0.55168 -0.679333 -0.746811 -0.517853 0.417277 1.65707 0.0734235 -0.687807 -0.722182 1.34337
0.660499 -0.508177 0.552734 -0.679339 -0.747111 -0.518077 0.416461 1.65587 0.0747223 -0.688019 -0.721848 1.34333
0.658976 -0.505421 0.557061 -0.680491 -0.748172 -0.516745 0.416211 1.65115 0.0774961 -0.691044 -0.718659 1.34404
0.660392 -0.504471 0.556244 -0.679727 -0.746971 -0.517286 0.417692 1.6484 0.0770231 -0.691332 -0.718432 1.34469
0.662649 -0.500913 0.556775 -0.679691 -0.74528 -0.51445 0.424166 1.64391 0.073962 -0.69602 -0.714215 1.34555
0.664981 -0.498275 0.556363 -0.679071 -0.742468 -0.5218 0.420099 1.64333 0.0809847 -0.692433 -0.716935 1.34487
0.666095 -0.496875 0.556282 -0.677743 -0.741463 -0.522131 0.421462 1.64297 0.0810373 -0.693189 -0.716198 1.34529
0.671417 -0.492036 0.554181 -0.677153 -0.736593 -0.525335 0.425995 1.64386 0.0815252 -0.69422 -0.715143 1.34595
0.681254 -0.49056 0.543378 -0.682766 -0.727856 -0.533311 0.431072 1.64596 0.0783221 -0.689165 -0.720372 1.33835
0.690901 -0.495412 0.526535 -0.684411 -0.718603 -0.550435 0.425029 1.64935 0.079258 -0.672016 -0.736295 1.33295
0.705194 -0.494579 0.508045 -0.689018 -0.704818 -0.566942 0.426412 1.65173 0.0771371 -0.658776 -0.748386 1.32717
0.718745 -0.491654 0.491627 -0.694313 -0.691305 -0.580891 0.429747 1.65393 0.0742945 -0.648736 -0.75739 1.32393
0.73046 -0.486681 0.479151 -0.697913 -0.679185 -0.591381 0.434736 1.6551 0.0717825 -0.642983 -0.762521 1.32307
0.744908 -0.475811 0.467689 -0.703019 -0.663366 -0.603059 0.44304 1.65622 0.07124 -0.640267 -0.764854 1.32243
0.759199 -0.464346 0.456089 -0.707411 -0.646973 -0.614968 0.450842 1.65813 0.0711326 -0.63735 -0.767296 1.3225
0.772248 -0.453565 0.444892 -0.710894 -0.6317 -0.622942 0.461429 1.66007 0.0678532 -0.63737 -0.767577 1.32266
0.779925 -0.446642 0.438457 -0.711621 -0.62234 -0.627882 0.467414 1.66116 0.066532 -0.637412 -0.767658 1.32247
0.792841 -0.431078 0.430803 -0.706453 -0.606606 -0.626314 0.489673 1.6659 0.0587296 -0.649555 -0.758056 1.329
0.801327 -0.414141 0.431716 -0.701724 -0.595653 -0.619375 0.511459 1.66921 0.0555777 -0.666993 -0.743001 1.33737
0.826681 -0.3695 0.424365 -0.688467 -0.560098 -0.612611 0.557689 1.68429 0.0539037 -0.69871 -0.713385 1.35511
0.846169 -0.339005 0.411206 -0.674537 -0.530895 -0.603574 0.594867 1.69623 0.0465296 -0.721659 -0.690697 1.36979
0.84836 -0.335807 0.409312 -0.672699 -0.527438 -0.603158 0.598355 1.69841 0.0459473 -0.7235 -0.688807 1.37256
0.855768 -0.3216 0.405279 -0.665253 -0.515562 -0.595616 0.616 1.70332 0.0432851 -0.736093 -0.675509 1.38226
0.863135 -0.305393 0.402181 -0.658703 -0.503211 -0.586925 0.634284 1.70711 0.042344 -0.749848 -0.660268 1.39132
0.874583 -0.283114 0.39366 -0.652501 -0.483121 -0.578115 0.657568 1.70989 0.0414135 -0.765276 -0.642383 1.40256
0.88491 -0.264731 0.383236 -0.649255 -0.464175 -0.56948 0.67842 1.70954 0.0386458 -0.778221 -0.626815 1.41002
0.895338 -0.24521 0.371832 -0.648668 -0.443563 -0.56675 0.694309 1.7096 0.0404835 -0.786565 -0.616195 1.4153
0.905929 -0.221285 0.361031 -0.649209 -0.420826 -0.565265 0.709507 1.70691 0.0470743 -0.794687 -0.605208 1.41701
0.919035 -0.196513 0.341723 -0.64937 -0.391143 -0.562315 0.72858 1.70199 0.0489796 -0.803245 -0.593648 1.41848
0.941516 -0.154358 0.299565 -0.652091 -0.333332 -0.557271 0.760499 1.69281 0.049549 -0.815868 -0.576128 1.42197
0.955411 -0.124675 0.267702 -0.653115 -0.290661 -0.557232 0.777835 1.68665 0.0521951 -0.820955 -0.568619 1.42188
0.966598 -0.0985628 0.236626 -0.656116 -0.250407 -0.560419 0.789459 1.68029 0.0547976 -0.822335 -0.566376 1.42162
0.975318 -0.0785485 0.206406 -0.659693 -0.21468 -0.556523 0.80263 1.67258 0.0518234 -0.827123 -0.559645 1.42199
0.984029 -0.0506977 0.170687 -0.667739 -0.170021 -0.552269 0.816157 1.66408 0.0528872 -0.832135 -0.552064 1.42151
0.990813 -0.0284295 0.132288 -0.679766 -0.125461 -0.559181 0.819509 1.65628 0.0506742 -0.82857 -0.557606 1.41409
0.99372 -0.00898048 0.111619 -0.692756 -0.096854 -0.56922 0.816473 1.6518 0.0562028 -0.822149 -0.56651 1.40688
0.995592 0.00249005 0.0938568 -0.707415 -0.0751755 -0.577745 0.81276 1.64776 0.0562483 -0.816226 -0.575006 1.4029
0.996211 0.00674058 0.0868128 -0.719085 -0.0665838 -0.583508 0.809385 1.64596 0.056111 -0.812092 -0.580843 1.39964
0.996128 0.0183864 0.0860742 -0.726483 -0.0582102 -0.595903 0.800956 1.64478 0.0660177 -0.802858 -0.59252 1.39298
0.995692 0.0296188 0.0879693 -0.73291 -0.0516153 -0.611017 0.789945 1.64374 0.077147 -0.791075 -0.606851 1.38499
0.994783 0.0345169 0.0960948 -0.737239 -0.051757 -0.640803 0.765971 1.64357 0.0880158 -0.766942 -0.635668 1.36763
0.992526 0.0408376 0.115075 -0.740723 -0.0583529 -0.669213 0.740789 1.64823 0.107261 -0.741961 -0.661823 1.35256
0.991105 0.043926 0.125703 -0.744338 -0.0619186 -0.683723 0.727123 1.65145 0.117884 -0.728432 -0.674915 1.34488
0.990441 0.0463035 0.130005 -0.751148 -0.060704 -0.699835 0.711735 1.65531 0.123936 -0.712817 -0.690328 1.33503
0.990391 0.0510028 0.128623 -0.756984 -0.0555341 -0.704912 0.707131 1.65557 0.126732 -0.707473 -0.695299 1.32998
0.990229 0.058547 0.126641 -0.766618 -0.0467471 -0.716006 0.696541 1.65601 0.131455 -0.695649 -0.706267 1.32248
0.99148 0.0654235 0.112721 -0.776202 -0.030666 -0.7235 0.689657 1.65481 0.126672 -0.687232 -0.715323 1.31438
0.991098 0.0808245 0.105886 -0.797132 -0.0128226 -0.733319 0.679778 1.65566 0.13259 -0.675079 -0.725748 1.3051
0.99255 0.0925137 0.0794123 -0.816267 0.0145666 -0.736654 0.676128 1.65379 0.121049 -0.669927 -0.732506 1.30492
0.992863 0.116581 0.025527 -0.852023 0.0683488 -0.730805 0.67917 1.64453 0.0978323 -0.672571 -0.733551 1.30758
0.988344 0.150718 -0.0219324 -0.890641 0.125213 -0.722075 0.680403 1.63253 0.0867112 -0.675212 -0.732524 1.30858
0.983998 0.17123 -0.0494926 -0.923511 0.158904 -0.716974 0.678761 1.62454 0.0807383 -0.675757 -0.732703 1.30827
0.979439 0.191393 -0.063935 -0.951251 0.183773 -0.715164 0.67438 1.61902 0.0833467 -0.672257 -0.735625 1.30737
0.976468 0.201823 -0.0761494 -0.969022 0.199629 -0.711729 0.673506 1.61563 0.0817305 -0.672851 -0.735263 1.30661
0.97207 0.217618 -0.0879948 -0.98973 0.219671 -0.711212 0.66779 1.61126 0.0827393 -0.668461 -0.739145 1.30407
0.966678 0.234735 -0.102246 -1.00862 0.241982 -0.707106 0.664429 1.60649 0.0836649 -0.667023 -0.740339 1.30362
0.952184 0.271846 -0.139525 -1.03844 0.294523 -0.694897 0.656045 1.59391 0.0813866 -0.665761 -0.741728 1.30022
0.944001 0.291391 -0.154838 -1.05316 0.31935 -0.688657 0.65099 1.5914 0.0830615 -0.663976 -0.743141 1.29872
0.935116 0.309877 -0.171915 -1.06186 0.344788 -0.683534 0.643369 1.59409 0.0818543 -0.660892 -0.746018 1.29872
0.929705 0.320723 -0.181127 -1.06509 0.359046 -0.679377 0.639964 1.5962 0.0821967 -0.660004 -0.746767 1.29946
0.90012 0.36521 -0.237545 -1.07215 0.429142 -0.64923 0.62798 1.61387 0.0751223 -0.667191 -0.741104 1.30698
0.888222 0.381394 -0.256167 -1.07305 0.453615 -0.639503 0.620718 1.61941 0.0729181 -0.66753 -0.741019 1.30997
0.839955 0.44174 -0.315219 -1.08047 0.536334 -0.587186 0.606284 1.641 0.0827271 -0.678307 -0.730122 1.31586
0.831101 0.453049 -0.322553 -1.08326 0.549234 -0.57749 0.604044 1.64673 0.0873892 -0.679171 -0.728774 1.31498
0.816521 0.470007 -0.335274 -1.0914 0.570189 -0.565412 0.595999 1.66068 0.0905544 -0.677808 -0.729656 1.31761
0.8078 0.475496 -0.348405 -1.10185 0.582474 -0.553035 0.595733 1.67122 0.0905873 -0.684162 -0.723698 1.32485
0.805464 0.471636 -0.358901 -1.12188 0.586216 -0.544917 0.599532 1.68387 0.0871888 -0.693287 -0.715384 1.33337
0.813658 0.454665 -0.362303 -1.14905 0.576404 -0.549675 0.604679 1.69478 0.0757765 -0.700827 -0.709311 1.34005
0.823003 0.441061 -0.357984 -1.17969 0.564327 -0.562718 0.604074 1.69995 0.0649888 -0.699167 -0.712014 1.34354
0.831063 0.439617 -0.340727 -1.21401 0.551003 -0.567182 0.612144 1.70263 0.0758537 -0.696464 -0.713587 1.34888
0.837183 0.427147 -0.341602 -1.26512 0.541353 -0.558058 0.628911 1.70294 0.078003 -0.711434 -0.698426 1.36854
