1.0 0.0 0.0 0.0 0.0 1.0 0.0 0.0 0.0 0.0 1.0 0.0
0.9999987065310013 0.0011336517231282355 -9.111494850576779e-05 -3.7924e-05 -0.001133644808980728 0.999998713402548 3.802731655593167e-05 -9.1158e-05 9.12009334594515e-05 -3.7820634338657685e-05 0.9999999902519956 -0.001133649
0.9999954558511912 0.0026579506513915436 0.00045378403629447875 0.000281521 -0.0026578227963316874 0.9999955530622014 -0.000225970724955459 0.000567699 -0.000454532287222867 0.0002244618453202095 0.9999998393858759 -0.003322366
0.9999954468632185 0.0027957779434860915 0.0006158354789425698 0.000781741 -0.0027954566146007045 0.9999955358352641 -0.0004700011064181068 0.001027609 -0.0006172924447074609 0.0004680859054337731 0.9999996665809282 -0.004659373
0.9999972106295476 0.002277298227407445 0.00025393927338683325 0.001359953 -0.0022771250282141754 0.999997027511918 -0.0006402850629936918 0.000541267 -0.0002554877237792713 0.0006396687732406166 0.9999997479483648 -0.004839082
0.9999978391389992 0.0019958774437033385 0.0004146934701555629 0.000741735 -0.001995754318795733 0.9999978863707998 -0.0002857130651465453 0.001078974 -0.0004152856167526344 0.00028485169176868316 0.9999998681266294 -0.005189127
0.9999978487195579 0.0020184896343807203 0.00033462001519065347 0.001175039 -0.002018358415698507 0.9999978317628222 -0.00038144079937583406 0.001032965 -0.000335410590839973 0.0003807458122514924 0.9999998676902367 -0.006223481
0.9999974495104259 0.0021941513627028713 0.0004297126896317758 0.001531862 -0.0021939630781168127 0.9999974500679907 -0.0004294023589364997 0.001536405 -0.0004306729733122819 0.00042843922736972154 0.9999998117145884 -0.007835929
0.9999968908026302 0.002420688509451382 0.0005128203876475602 0.001879131 -0.002420447328174791 0.9999969159960027 -0.0004631856344424812 0.002085646 -0.0005139575287010221 0.000461923522493081 0.9999997575064656 -0.009833573
0.9999961958824931 0.002735938136210328 0.00017343556371910348 0.002914484 -0.0027358252345868195 0.9999960040884932 -0.0006400049037799063 0.000794133 -0.00017520749336310065 0.0006395220917953572 0.9999997774427826 -0.012463486
0.9999971624907852 0.0023697350787092 5.6372155139727665e-05 0.003305886 -0.0023696972887585245 0.999996947727321 -0.0006546982900950186 0.000288636 -5.793895745088351e-05 0.000654561493014937 0.9999997819371055 -0.011967085
0.9999973221339044 0.0023042169667740827 4.9089802243724804e-05 0.00301246 -0.0023041897336803225 0.99999717461131 -0.0005432874810556637 0.000275725 -5.035186050271124e-05 0.0005431719671522562 0.99999984998481 -0.012777873
0.9999978846096373 0.0020488524054576834 6.16628175404663e-05 0.002266915 -0.002048828961830085 0.9999978156667493 -0.000375277113566599 0.000374885 -6.243690882019339e-05 0.0003751491002933177 0.9999999271801847 -0.012378426
0.9999984688142753 0.0017444202265021762 3.678645625712586e-05 0.001744969 -0.001744410288069814 0.9999984336810708 -0.0002669098834873831 0.000242058 -3.7254756341293726e-05 0.0002668449219999449 0.9999999634881593 -0.011405801
0.9999986128831617 0.0016608956388233821 3.968670219040174e-05 0.00141791 -0.0016608875658685116 0.9999985932705855 -0.00020156347969270985 0.000280408 -4.002313002067065e-05 0.00020149694722236262 0.9999999787909042 -0.011685567
0.9999985764762681 0.001682779010008714 5.198744662012179e-05 0.001923914 -0.0016827656187257366 0.999998545088789 -0.00025543074654110813 0.000393265 -5.241911451537826e-05 0.00025534250981388017 0.9999999658752246 -0.012676894
0.9999988206045628 0.0015326336203246175 -2.5406705688379603e-05 0.004311295 -0.0015326470897407069 0.9999986762702487 -0.0005367953582328087 -0.000200731 2.4580747600948285e-05 0.0005368338142866969 0.9999998550385589 -0.012309026
0.9999989579341189 0.0014410700833880617 1.6156545683864112e-05 0.004012424 -0.0014410622961353965 0.9999988470393697 -0.0004704337804250155 0.000140707 -1.683680080920394e-05 0.0004704099253543846 0.9999998888321688 -0.012291454
0.9999989984797278 0.0014125901643518416 -3.8280160241914104e-05 0.004402345 -0.0014126087200766156 0.9999988799360494 -0.00048761721999112013 -0.000342466 3.7589188009532485e-05 0.0004876709719111843 0.9999998800128398 -0.012752641
0.9999990964675118 0.0013353990077735157 -0.00013704656362139534 0.005437138 -0.001335477224957167 0.9999989425034912 -0.0005706574821045061 -0.001301909 0.00013628225190253867 0.0005708404946205734 0.9999998273070718 -0.012721812
0.9999991893785912 0.001261447719436086 -0.00016108635609898744 0.006557596 -0.001261553082124914 0.9999989878447003 -0.0006540223562225623 -0.001610745 0.0001602591151007718 0.0006542255517688678 0.9999997725858285 -0.012646548
0.9999994112680035 0.0010700703932595293 -0.00017247914438940068 0.008280108 -0.0010702060744202102 0.9999991158764565 -0.0007867049677536224 -0.001810698 0.00017163525294643653 0.0007868895103402641 0.9999996749376314 -0.011261936
0.999999439994788 0.0010330203644941375 -0.0002248771622773616 0.007908618 -0.001033181776353758 0.9999992073257619 -0.0007173663685438517 -0.002474667 0.0002241343984845094 0.0007175987850099101 0.9999997168239697 -0.011387596
0.999999479036811 0.0009825001397173302 -0.0002732282637710707 0.008721621 -0.0009827070739478188 0.9999992292883677 -0.0007568362655099408 -0.003143773 0.0002724830554013293 0.000757104881395929 0.999999675660578 -0.011321307
0.9999994479299652 0.000992107454928689 -0.00034343700405340544 0.009506906 -0.0009923792288152927 0.9999991935919195 -0.0007906983006763076 -0.004123676 0.0003426509070383802 0.0007910392748475607 0.9999996277784438 -0.011927597
0.9999993845928276 0.0009872588713184772 -0.0005041505044018592 0.009205254 -0.0009876298702413656 0.9999992409723888 -0.0007349944750758887 -0.006307415 0.0005034233303023472 0.0007354927327907624 0.9999996021721086 -0.012362809
0.9999993598726694 0.0009643575230697086 -0.000590235334143481 0.008448016 -0.0009647408822925624 0.9999993232952571 -0.0006486022904916387 -0.007680333 0.0005896085243667858 0.0006491721411894445 0.9999996148997522 -0.012557694
0.9999993596939778 0.000901556720064976 -0.0006826806372128884 0.008138715 -0.0009019681223510881 0.9999994113786009 -0.0006017335765977868 -0.00922516 0.0006821369937059313 0.0006023497916065003 0.9999995853638447 -0.012190497
0.9999993780468118 0.0008729477189391813 -0.0006930250183492666 0.008314572 -0.0008733591511244442 0.9999994421824768 -0.0005928383740774736 -0.009711095 0.0006925064542705081 0.000593444036645843 0.9999995835989595 -0.012239745
0.9999995612252977 0.0007023681545268471 -0.0006190201675410382 0.007392347 -0.0007026836502549969 0.9999996231328574 -0.0005089937718046535 -0.008983868 0.0006186620078688339 0.0005094290407683542 0.9999996784877911 -0.010198741
0.9999995660407378 0.0005717814199263929 -0.0007348612526354116 0.00479326 -0.0005720162161305343 0.9999997852844911 -0.0003189855865186114 -0.011033797 0.0007346785019868448 0.00031940626754945573 0.9999996787569755 -0.008588016
0.999999537194767 0.00045859719830583073 -0.0008451844109956767 0.002241084 -0.0004587193953994513 0.999999884265109 -0.0001442417134209201 -0.013113479 0.000845118095397577 0.00014462975251407838 0.9999996320462639 -0.007116603
0.9999994466194014 0.00035417203165095094 -0.000990072369217992 -0.002357148 -0.0003540261686142611 0.9999999264044135 0.00014735344767745858 -0.01585705 0.0009901245357170968 -0.0001470025122314737 0.9999994985324704 -0.00567112
0.9999993092343312 0.0001548066423044659 -0.0011646022089019364 -0.01846323 -0.00015350337497920948 0.9999993626197894 0.0011180461639142662 -0.019235019 0.00116477470583407 -0.0011178664563675892 0.9999986956397245 -0.002545895
0.9999983738973786 0.00038415450366098325 -0.0017611976118578805 -0.041641492 -0.000379839304939666 0.9999969295517893 0.00244771352609841 -0.029974289 0.001762133313095201 -0.002447039991650963 0.9999954494973701 -0.00649958
0.9999976060700883 0.00047589933299889637 -0.0021348228647096457 -0.057186894 -0.00046892058842396944 0.9999945533665999 0.0032656493139308984 -0.037403561 0.002136366616615231 -0.0032646396102290424 0.9999923827909029 -0.008273955
0.9999975196704987 0.000260234264990487 -0.002211132351893736 -0.065776013 -0.00025215258389735983 0.999993295662638 0.0036516723121420643 -0.039839707 0.0022120685397835553 -0.0036511052748662213 0.9999908810191523 -0.004615061
0.9999967857183208 0.00030975323087803903 -0.0025155344584260244 -0.081935175 -0.00029860912560958456 0.9999901532222033 0.004426049758075345 -0.046584155 0.002516881655078517 -0.004425283810877756 0.9999870315349025 -0.005631499
0.9999967572528695 4.338903167298643e-06 -0.002545776251320162 -0.092072532 7.997710371974024e-06 0.9999882667281934 0.004842530565620914 -0.048403524 0.002545767386171651 -0.0048425352261251865 0.999985023984412 3.4783e-05
0.9999966792732695 4.0703535971258694e-05 -0.002575931298372714 -0.095931649 -2.803064126301794e-05 0.9999879063599729 0.004916345841148675 -0.050265722 0.002576100369730784 -0.004916257252096246 0.9999845868151248 -0.000670604
0.9999966239868929 -0.0002383802125290465 -0.0025866913899542433 -0.105685823 0.00025204561931877183 0.9999860168913965 0.005280627507011556 -0.051753644 0.002585395613512761 -0.005281262040109302 0.9999827010457658 0.004907366
0.9999963783668758 -0.00022436130411958996 -0.0026811581150631004 -0.115519062 0.00023946615228516896 0.9999841056438938 0.005631360082216104 -0.054983571 0.0026798512635339855 -0.005631982103920519 0.9999805378272667 0.004757106
0.9999960978210728 -0.0006030613623719955 -0.002726946633555312 -0.134932443 0.0006205703315368468 0.9999791820911075 0.006420801153553015 -0.057257745 0.0027230154998936136 -0.006422469305731675 0.9999756544476038 0.012855574
0.9999962241130916 -0.0007063144576894279 -0.002654957147725821 -0.138168752 0.0007233616554021936 0.9999791061230671 0.006421952781603713 -0.057063736 0.0026503632741372144 -0.006423850052773084 0.9999758415122091 0.015377518
0.999995830183463 -0.0009967618241265219 -0.0027095712169002664 -0.158473849 0.0010162537192898056 0.9999735628116498 0.007198167094403007 -0.05956246 0.00270232098232613 -0.0072008920979890105 0.9999704065915359 0.022154942
0.9999960038543714 -0.0010077049401083658 -0.002640617586290136 -0.160271615 0.0010264887385033493 0.9999741255210564 0.007118220789956528 -0.059362561 0.0026333726194880495 -0.007120904233208359 0.999971164387456 0.022896316
0.9999959831078522 -0.001133033410936208 -0.0025973464564514243 -0.164111808 0.0011515371684467583 0.9999739034491897 0.0071303386194784294 -0.059674304 0.00258919591279303 -0.007133302318592854 0.9999711920085972 0.026285365
0.9999951181873883 -0.0010451824503207516 -0.0029439390580748522 -0.173473299 0.001066885372320242 0.9999722091010971 0.007376830711294553 -0.069123358 0.0029361435820555912 -0.0073799369500227386 0.9999684430188703 0.02482843
0.9999948264204838 -0.0012057346836387582 -0.002981416979244368 -0.175173834 0.00122746337049828 0.9999726345481855 0.007293815488806581 -0.071479596 0.002972537132743857 -0.007297438905762782 0.9999689417478157 0.029211514
0.9999914936825804 -0.0012538141632117664 -0.003928540438335547 -0.198149785 0.001285545675787229 0.9999665020733106 0.00808172088483391 -0.096165463 0.003918271589230746 -0.008086704532071479 0.9999596085476341 0.031120755
0.9999882818249857 -0.0018775768590955086 -0.004461115025098548 -0.202170938 0.0019135911887631538 0.9999655179513359 0.008079201883899165 -0.111383267 0.004445785745091524 -0.008087647337557494 0.9999573945322177 0.047409609
0.9999883211682618 -0.0019158694901259053 -0.004435988566276648 -0.202574238 0.0019510483637438921 0.9999665886526118 0.007936580372683489 -0.11296773 0.004420628998871623 -0.007945145802723647 0.9999586496023538 0.049323224
0.9999861165278251 -0.0024821828474337706 -0.0046470695181911525 -0.210992903 0.002519811983798213 0.9999639567005817 0.008106121052465935 -0.120607369 0.004626773644917447 -0.008117722541626446 0.9999563306761332 0.065051503
0.9999850833995685 -0.002642169836504268 -0.004779257303196564 -0.215315968 0.0026809140730363746 0.9999634604130305 0.008115696663282738 -0.126411796 0.004757631926503584 -0.00812839290096696 0.9999556303097681 0.070557661
0.9999851631936533 -0.0027274530941826013 -0.004714257075215216 -0.215056822 0.002764915357790003 0.999964518317766 0.007955691147415402 -0.127036154 0.004692383532538656 -0.007968612061572617 0.9999572258010596 0.074174128
0.9999852867909617 -0.002784803554361515 -0.004654175163940897 -0.216111645 0.002821292324980655 0.9999652021424728 0.007849319401057691 -0.127732053 0.004632147116622491 -0.007862339003530113 0.9999583487876981 0.077111058
0.9999848783062428 -0.0029435763794476407 -0.0046442304321825875 -0.221599042 0.002980239227006229 0.9999643050721888 0.007904682081255556 -0.129754648 0.004620789148908037 -0.007918407842127563 0.9999579592774736 0.08296179
0.9999848829724907 -0.003021883057282144 -0.004592684042223921 -0.224821284 0.0030580177048210606 0.9999642741654526 0.00787889179116004 -0.130592972 0.004568703496681314 -0.007892821480808953 0.9999584014942542 0.086667255
0.9999848685497844 -0.0031285227082107105 -0.00452393898164846 -0.228578955 0.0031640828099423453 0.9999639955306092 0.007872409004723364 -0.130876556 0.004499139719690414 -0.007886608220904097 0.9999587664728086 0.091272011
0.999984712749406 -0.0032306023667453398 -0.004486501455062179 -0.229846299 0.003265459906681722 0.9999643799638596 0.007781716779190106 -0.132019445 0.0044611947453736915 -0.0077962524831905 0.9999596456909551 0.095846631
0.9999851509940151 -0.0030988138709605348 -0.004481840815925065 -0.233372524 0.0031335842006719543 0.9999648952030572 0.007769782158307224 -0.134131879 0.004457599641449238 -0.007783714879374291 0.9999597598099461 0.093514048
0.9999855717649765 -0.003066242261836631 -0.004409837580578048 -0.233632296 0.0030999314969065756 0.9999659160538726 0.007651067951524687 -0.134178877 0.004386220902991325 -0.0076646313985793595 0.99996099600612 0.094061479
0.9999858349834065 -0.0030511508981149976 -0.004360383340483816 -0.236054406 0.0030842647896437126 0.9999663099138214 0.0076058414602521 -0.13484779 0.00433702379361709 -0.007619185770675093 0.9999615583799186 0.095125735
0.9999858627489114 -0.0031064807440982765 -0.0043147372822353895 -0.240043491 0.0031392702159918303 0.9999660949671212 0.0076116239045952005 -0.135576487 0.004290939633594491 -0.007625064808941961 0.9999617127349637 0.098397486
0.9999860613594047 -0.0030720512532980554 -0.0042933418021885005 -0.24142471 0.0031043545758138403 0.9999667778781773 0.007535907720167838 -0.137050509 0.0042700427867801306 -0.007549133963334563 0.9999623787653871 0.098848715
0.9999865494584166 -0.002994637305930883 -0.0042339915177224225 -0.241339236 0.0030259951773304104 0.9999679035012287 0.007417555583967358 -0.137276769 0.004211637443203236 -0.007430270860500259 0.9999635172942593 0.097860441
0.9999868544368261 -0.0029549382877058824 -0.004189660983174493 -0.245151848 0.0029859806586100537 0.9999680001169631 0.007420779806363453 -0.137929171 0.0041675939035001365 -0.007433195352200476 0.9999636803886468 0.098049663
0.9999869335131686 -0.0029703813129335305 -0.004159785768481487 -0.244572878 0.0030006710256373077 0.9999688987142746 0.007292717206374031 -0.139021456 0.004137989388554131 -0.0073051068241346325 0.9999647477565704 0.100039393
0.9999872501608991 -0.0028825007321394095 -0.0041455026034114524 -0.244308069 0.0029122135734632286 0.9999699918204888 0.007177847474968626 -0.140626281 0.004124683552493681 -0.007189831138531191 0.9999656386372032 0.098533347
0.999987295070205 -0.002913807402201514 -0.004112674158475952 -0.243252128 0.002942732201493123 0.9999708605295643 0.007043165541825102 -0.14156349 0.004092027553819213 -0.007055181080747164 0.9999667323258984 0.101048425
0.9999875850652583 -0.002863546170669532 -0.004077346255472753 -0.242948681 0.002891779297726606 0.9999717725095153 0.0069339943616157085 -0.142389208 0.004057371273597432 -0.006945701450690383 0.999967640358739 0.100740589
0.999987934564075 -0.0028175617579617876 -0.0040233426561015195 -0.243447423 0.0028450859545223707 0.999972482172364 0.006850508645755927 -0.142514825 0.004003926360426012 -0.00686187500135848 0.9999684348640762 0.100533724
0.9999884376829207 -0.002707030246154988 -0.003973918454664333 -0.243002519 0.002733792498131415 0.9999735219661786 0.006743258262026435 -0.142760515 0.003955555487549137 -0.006754046243373629 0.9999693618418181 0.097955383
0.9999883539027045 -0.0026856187285384625 -0.004009381631114382 -0.251390666 0.0027131689808694887 0.9999726425113195 0.006880601552013903 -0.146033108 0.0039907897840204005 -0.006891401575967836 0.9999682846374329 0.098548107
0.9999887428369724 -0.002617822399887829 -0.003956904671731927 -0.25279355 0.0026447955794902485 0.9999732022040405 0.006825697380787278 -0.146102086 0.003938926889552187 -0.006836087643822525 0.999968870212179 0.097377896
0.9999891972877886 -0.002496495146173266 -0.003920329003105781 -0.253988862 0.002522990110904637 0.9999739174362362 0.006766808415491575 -0.146722168 0.003903330425128835 -0.006776628012280408 0.9999694147581409 0.094133668
0.999989355490462 -0.0023890360170082856 -0.0039468630084601 -0.256730229 0.002415646428382041 0.9999742959984503 0.006750044159020499 -0.149700835 0.003930632650243292 -0.006759508171836089 0.999969423828017 0.091306299
0.9999898233265482 -0.002348409862678936 -0.0038515947663684737 -0.258545578 0.0023742218853255613 0.9999746669834806 0.006709688356188203 -0.148008525 0.003835737421498747 -0.006718766145267947 0.9999700671543569 0.090927482
0.9999899397712073 -0.0023382121199163864 -0.0038275075371293644 -0.262423575 0.002363913465042579 0.9999746014033843 0.006723102964564827 -0.148991227 0.0038116876832049555 -0.006732084701236764 0.9999700696697518 0.091708019
0.9999904520377743 -0.0022028007879363004 -0.003773651118139525 -0.263458788 0.0022279211702652154 0.9999753061715954 0.0066644956490437505 -0.148793593 0.00375887500880949 -0.006672840750812672 0.9999706668980389 0.087522171
0.9999905296752271 -0.0022303380880486865 -0.0037367355946004515 -0.264516413 0.0022549997488344126 0.9999756232526448 0.006607591103657001 -0.149198458 0.0037219050261541324 -0.0066159561722679006 0.9999711833564253 0.089722179
0.9999914031535729 -0.0020517788268435387 -0.003602943580476564 -0.272090465 0.0020759378453004892 0.9999753060134763 0.006713443160889408 -0.145662904 0.003589077995924565 -0.006720866064560442 0.9999709693938732 0.083600305
0.9999916527306077 -0.002008746587502876 -0.0035576570707773958 -0.272826523 0.0020323755892980135 0.9999758220708763 0.006649626514800033 -0.14561218 0.0035442116401369714 -0.006656802571017232 0.9999715581380116 0.082856588
0.9999923609257267 -0.0018225561083474477 -0.003457479142116082 -0.277740449 0.0018456543541721837 0.9999759262940622 0.006688303553879568 -0.143253624 0.00344520431776805 -0.006694634691739213 0.9999716517006131 0.076127559
0.9999929506790631 -0.0017599898766923901 -0.003316478557340386 -0.286371589 0.001782561684992935 0.9999751895981975 0.006814369417937283 -0.139060289 0.0033044013416280733 -0.006820234039889251 0.9999712781873227 0.074405253
0.999993420406423 -0.0016278447169575279 -0.0032415188382472885 -0.289634556 0.0016498973860240083 0.9999754387640789 0.006811234050236081 -0.137548298 0.0032303500455569405 -0.006816538142560175 0.999971545480599 0.069662698
0.9999939006655085 -0.001448205694206443 -0.0031779998325429867 -0.296151966 0.0014700587830721677 0.9999752217256827 0.006883906042306179 -0.136458412 0.0031679504167028234 -0.006888536527612754 0.9999712517776899 0.062752105
0.9999941944916344 -0.0013830695373166747 -0.003113931258849612 -0.29948312 0.0014044748931701233 0.9999753327005296 0.006881491387457609 -0.135267168 0.003104335597893511 -0.006885825447696531 0.9999714700784632 0.060637996
0.9999944375868931 -0.0013330917288312187 -0.0030571596865078504 -0.303941071 0.0013541777714574138 0.9999752421081965 0.00690470709391633 -0.134330153 0.003047878191394403 -0.006908809154406398 0.9999714853091193 0.059128433
0.999994629334578 -0.0012808444219794956 -0.0030165184733789117 -0.305364013 0.001301513711658836 0.9999756253283223 0.006859202410798981 -0.134056792 0.0030076582571689006 -0.006863092103464045 0.9999719220408575 0.057465553
0.9999948912152787 -0.0012203149368852151 -0.0029541688413546436 -0.308881879 0.0012405634890508882 0.9999756886163073 0.006861280972834908 -0.132765859 0.0029457230552191577 -0.0068649112021472855 0.9999720940208546 0.055377394
0.9999946063125941 -0.0014127625017927652 -0.0029648179278164593 -0.323383957 0.0014337985220031688 0.9999737332961788 0.007104266078638543 -0.134687409 0.002954702189709678 -0.007108479220713879 0.9999703656118577 0.064768076
0.9999948421739068 -0.001374766082412885 -0.0029024860372771745 -0.327485651 0.001395394515117718 0.9999737021447705 0.007116296776324503 -0.133305341 0.002892625299813513 -0.007120310658966661 0.9999704630220277 0.063722193
0.9999949137964589 -0.0013724352522492037 -0.0028788238411140148 -0.328732133 0.0013927525715031397 0.9999740583833915 0.007066597664562852 -0.133655518 0.0028690495820661893 -0.007070571671132217 0.9999708839955372 0.064299017
0.9999948520599209 -0.001396416700830227 -0.002888720994518044 -0.330687642 0.0014167066586870994 0.9999742618406876 0.007032977563761062 -0.135554686 0.002878824556960449 -0.007037034287736366 0.9999710925698494 0.066116869
0.99999496605121 -0.0013588218055213383 -0.00286711704059003 -0.339511782 0.0013792798871593845 0.999973521741703 0.0071447558020312175 -0.135972798 0.002857331590221827 -0.00714867482675082 0.9999703623294685 0.065038115
0.9999950968509511 -0.001299393762442483 -0.002848997365254476 -0.341567814 0.0013196340614633293 0.9999738269097044 0.007113253986920808 -0.136545107 0.0028396788693313855 -0.007116979147696341 0.9999706387993248 0.062864438
0.9999956150936569 -0.0011140557193923116 -0.0027436729688266885 -0.350892723 0.0011338765067555317 0.9999731995544769 0.007232482338324376 -0.132887095 0.0027355411847034676 -0.007235561938152104 0.9999700781015237 0.054518983
0.9999958977933546 -0.0009957022530305848 -0.0026855389249517314 -0.354449481 0.0010151022319803704 0.9999733347032964 0.007231451965781469 -0.131428897 0.0026782661840731134 -0.007234148678185017 0.9999702434508683 0.049270585
0.9999959537725532 -0.0009537748311491503 -0.002679911661396317 -0.353948981 0.0009729128702405246 0.999973974202592 0.007148359797609497 -0.132500619 0.002673023286157811 -0.007150938457337314 0.9999708561149476 0.047691092
0.9999961181580619 -0.0009414748886016149 -0.002622311492230753 -0.356849432 0.0009601660801476096 0.9999740825351934 0.007134925094068499 -0.130960941 0.002615525497235092 -0.007137415500975614 0.999971104856522 0.047546476
0.9999960845523163 -0.0009056892490756009 -0.002647610138887842 -0.356355071 0.0009243494239347044 0.9999746867712082 0.007054532772128335 -0.133556291 0.0026411532719447395 -0.007056952704579363 0.999971608678049 0.046213672
0.9999961549923284 -0.0008924724032000469 -0.0026254055895665136 -0.356610209 0.0009108081344805359 0.9999751496443584 0.006990403832005954 -0.133749664 0.0026191009988858482 -0.006992768421868822 0.9999721176815001 0.045988724
0.9999961475594914 -0.0008472310815030609 -0.002643168456582013 -0.356979251 0.000865531989447988 0.9999756120762854 0.006929755402555628 -0.135985032 0.002637232331550862 -0.006932016666060596 0.9999724931044623 0.044108421
0.9999960827090951 -0.0008695323656984504 -0.0026604051675347355 -0.355437875 0.0008876966242529175 0.9999762554934608 0.006833451091494071 -0.138199583 0.0026543995354378442 -0.006835786171432983 0.999973110247888 0.045692801
0.9999961063556988 -0.0008797548052869908 -0.0026481311651588217 -0.355215758 0.0008976517570322772 0.9999767179688696 0.006764134717205518 -0.138883501 0.0026421181859273128 -0.006766485692882425 0.9999736142003036 0.046661779
0.9999961907713899 -0.000872200710215844 -0.0026185932598326105 -0.356215537 0.0008897805025945724 0.9999770279539175 0.0067192087716604135 -0.138642699 0.0026126720797957693 -0.006721513354971086 0.999973994949076 0.046697274
0.9999961128766962 -0.0008881294795179909 -0.0026428731639066656 -0.352939188 0.0009055449830405872 0.9999778398146271 0.0065951495229559206 -0.141249597 0.00263695673392207 -0.0065975173341240095 0.9999747570889094 0.047985598
0.9999962622928196 -0.0008992078907005543 -0.0025818955684742155 -0.352604747 0.0009160475901150284 0.9999782715545198 0.006527905505280684 -0.139276028 0.0025759690157005737 -0.00653024644577303 0.9999753577164017 0.049016714
0.9999961364693682 -0.0008655181416205659 -0.00264145308015192 -0.351520121 0.0008825370971545736 0.9999788193354969 0.006448134887977434 -0.143819451 0.002635815680252389 -0.006450441349855951 0.9999757198028636 0.047639102
0.9999957536921814 -0.0008996543848802263 -0.002771735519731818 -0.351851851 0.0009173674355645432 0.9999791264440506 0.00639544082411009 -0.15230009 0.0027659234970879008 -0.00639795657489905 0.9999757056067178 0.049972847
0.9999957521276168 -0.0009016315715135764 -0.002771659748552361 -0.352348775 0.0009192094569780067 0.9999794348801645 0.00634677341725821 -0.15368107 0.002765879828679759 -0.006349294397416394 0.9999760159506792 0.050533056
0.999995807710723 -0.0009328850124085817 -0.0027410979879809614 -0.347555757 0.0009498791031304299 0.9999802992128537 0.006204496359788662 -0.153351918 0.002735255438807492 -0.0062070742659338365 0.9999769932047945 0.052722216
0.9999959201431132 -0.0009646963805521848 -0.0026885719357951756 -0.352493972 0.0009814509899847663 0.9999800667658073 0.006236962654828702 -0.151746482 0.002682501093169176 -0.006239576115155538 0.999976933866617 0.054983616
0.9999959640522575 -0.0009641320149797058 -0.002672397351146209 -0.34891504 0.0009804723886239878 0.9999807936694544 0.006119477970770701 -0.152170464 0.002666445581643862 -0.006122073684405726 0.9999777031767906 0.055426121
0.9999957885825757 -0.0009659436066696189 -0.002736628076587738 -0.347587585 0.0009824687276962782 0.9999812559853252 0.006043144779271677 -0.157200456 0.002730738998866986 -0.006045808181945054 0.9999779937279898 0.05602172
0.9999954708845381 -0.0010224641252159102 -0.0028305660930167276 -0.348229676 0.0010394401489789804 0.999981446298507 0.006001988460014666 -0.164007366 0.0028243762976947803 -0.006004903696988415 0.9999779801363277 0.059800342
0.9999945908298429 -0.0012056944494039353 -0.0030600362289256323 -0.353491545 0.0012241628150058367 0.9999810070110657 0.006040220844110657 -0.178812563 0.003052694912698917 -0.0060439344253514545 0.9999770740177838 0.071079358
0.9999946285286133 -0.0012333738674811352 -0.0030365986475946265 -0.352303654 0.00125148400231144 0.9999814017042723 0.005968866070898563 -0.178955391 0.003029179795838706 -0.005972634534556768 0.9999775739913109 0.073309422
0.9999945916461054 -0.0012992116573997594 -0.0030212520307049905 -0.350882769 0.001317005806888883 0.9999817573602185 0.005894732073871322 -0.179549724 0.0030135378657623374 -0.005898679478271633 0.999978060295119 0.077838853
0.9999947204541703 -0.0013418110988365395 -0.00295937046508664 -0.348931968 0.001358998579213009 0.9999821792809065 0.0058130687738985 -0.17734091 0.0029515171414520127 -0.0058170601409488504 0.9999787234751775 0.081030816
0.9999924303328442 -0.0014798929797304027 -0.0035983551556886665 -0.349846095 0.0015006758403457382 0.9999821716655277 0.005779436643348553 -0.217457294 0.0035897374667417047 -0.005784793225416277 0.9999768231246613 0.09016946
0.9999922583408309 -0.0015512424337848457 -0.00361605657211797 -0.344564557 0.0015716431781658009 0.9999828287755942 0.005645332986073119 -0.220327854 0.0036072366073848267 -0.005650972811361386 0.9999775254127546 0.095255539
0.9999913353702783 -0.0016361015453638995 -0.0038276900027681745 -0.344451517 0.0016575139860673617 0.9999829604422193 0.005597251129618132 -0.235137716 0.0038184664997908064 -0.0056035474973697005 0.99997700800059 0.101286605
0.9999912816863314 -0.0016587059381686958 -0.003831985387539979 -0.345162243 0.001680013241084512 0.9999831112225096 0.0055635086642995294 -0.2373133 0.0038226918407604773 -0.0055698983616076095 0.9999771798852629 0.103508279
0.9999910041291008 -0.0017420935138931716 -0.0038672496270010805 -0.341156721 0.0017631768149765311 0.999983567497433 0.005454708005503088 -0.241422474 0.003857682854748154 -0.0054614780137817644 0.9999776435898424 0.109548017
0.999990874661076 -0.001764311142142669 -0.003890584953391105 -0.339223593 0.0017852342747025334 0.9999839296292837 0.005380650279080917 -0.244824141 0.003881028687122701 -0.005387547218823931 0.9999779543441306 0.111819044
0.9999900957903702 -0.001754413679582848 -0.004090125398231981 -0.334587157 0.0017759404111117982 0.9999845613356643 0.005265093704618695 -0.25944683 0.004080824523126399 -0.005272305824127422 0.9999777732062768 0.112097025
0.9999900641985197 -0.0017523344304226152 -0.0040987334026787664 -0.33090198 0.001773502726205731 0.9999850806919357 0.005166358538744197 -0.262046307 0.004089618508176533 -0.0051735767622283985 0.9999782529982703 0.11283499
0.9999902885033762 -0.0017441369535248822 -0.004047186445931505 -0.331507564 0.001764914910263754 0.9999852536421079 0.005135737680517001 -0.260771364 0.004038168792944573 -0.0051428311707562785 0.9999786207269947 0.11317502
0.9999900748698596 -0.0017648911016906227 -0.004090739136453134 -0.318995267 0.0017849455186013056 0.9999863832022297 0.004903648465860354 -0.265633583 0.0040820285127570076 -0.004910901972171991 0.9999796086281109 0.115377784
0.9999900631706389 -0.0017501714523875602 -0.004099914862246333 -0.313553154 0.0017697778703131407 0.9999869939033426 0.004783136499925492 -0.268287003 0.004091489738490203 -0.00479034532934915 0.9999801547984235 0.115286291
0.9999902228665088 -0.001720382266534084 -0.004073491630344409 -0.310822934 0.0017395469401373083 0.9999874148568444 0.004705598781316888 -0.268599808 0.0040653444686213035 -0.004712639207988142 0.9999806307038693 0.114185408
0.9999903074631458 -0.0017237377319146178 -0.004051248225544972 -0.311171949 0.0017426756714613379 0.9999875508100682 0.004675457081014887 -0.269156337 0.004043138070546714 -0.004682472172249326 0.999980862479511 0.115265951
0.9999901667681783 -0.001777042715243962 -0.004062928863851718 -0.308854491 0.0017957528963830813 0.999987780003705 0.00460583909640185 -0.271958292 0.004054693983478016 -0.0046130902261944115 0.9999811381993725 0.119696543
0.9999902179350872 -0.001835152777120284 -0.0040243229260872515 -0.305123687 0.0018533252867597222 0.9999880831573799 0.0045163504014620595 -0.27137804 0.004015986318485254 -0.004523765008481013 0.9999817025307091 0.12449421
0.9999904437698032 -0.0018212122470544143 -0.003974232222692736 -0.304114223 0.0018389677766093627 0.9999883253263349 0.004468349385363563 -0.269986749 0.003966047569722614 -0.004475615562608737 0.9999821185394192 0.124454066
0.9999905560963593 -0.001838994871536842 -0.00393761472082286 -0.300115973 0.001856228833216027 0.9999886959626939 0.004377345871845706 -0.269466281 0.003929519862008227 -0.004384614033810545 0.9999826659429903 0.12656936
0.9999910630321329 -0.0018157207376814477 -0.0038178626959897415 -0.298656672 0.0018322287267738462 0.9999889696934872 0.004324612227695947 -0.263176382 0.003809967881158739 -0.004331569141766774 0.9999833598145875 0.125862017
0.9999913822732648 -0.0018269503397180655 -0.0037278331048285576 -0.292609632 0.0018426290402946846 0.9999894542713571 0.004206539281348173 -0.25883162 0.003720108253951001 -0.004213372397719736 0.9999842032014912 0.127525598
0.9999915180552338 -0.0018322110859833106 -0.003688625038206943 -0.292899162 0.0018476291960820017 0.9999895536946624 0.004180634164550313 -0.25794968 0.003680926308671866 -0.004187414261858955 0.9999844572579167 0.128802091
0.9999910954017185 -0.0019998202282098 -0.0037160382922700698 -0.30869931 0.002016072446370505 0.9999883979600442 0.0043747262904385575 -0.261686355 0.0037072460703007296 -0.00438217951253843 0.9999835254503331 0.141568646
0.999991422773517 -0.0019720383249075745 -0.00364205897058772 -0.29915458 0.0019873663663537823 0.999989164234187 0.0042095978949524574 -0.258305132 0.003633717604056281 -0.004216800250948356 0.9999845064576522 0.140567064
0.9999915177274208 -0.001992204698503304 -0.0036048251127843087 -0.296496928 0.0020071360307841977 0.9999894030208907 0.0041429716999023996 -0.257463336 0.0035965328593559236 -0.004150172284559483 0.9999849196595731 0.142984644
0.9999915665927626 -0.002007188668968101 -0.0035828931938266025 -0.295724839 0.002021887655859309 0.9999895362676827 0.004103451751363446 -0.257685035 0.0035746189025246695 -0.004110661700486923 0.9999851614543989 0.145054966
0.9999917479922094 -0.0019968459799696056 -0.0035377632327074754 -0.293715864 0.0020111619094175808 0.999989786003248 0.004047486306567528 -0.256207824 0.0035296445051202327 -0.004054568258153146 0.9999855502513294 0.145298392
0.9999916436764017 -0.0020414259172152663 -0.0035418037203895224 -0.289909333 0.0020554755436283643 0.9999900163902976 0.003967518537939297 -0.258268952 0.0035336685836095233 -0.003974765814971758 0.9999858564480271 0.149545133
0.999991798208547 -0.0020268123017865578 -0.003506392514002858 -0.290620238 0.002040660738875197 0.9999901151453592 0.003950240560615429 -0.257438302 0.003498351085546153 -0.003957363848731203 0.9999860496626746 0.149487749
0.999991878561294 -0.0020106978768911084 -0.003492730163255807 -0.288829029 0.002024314966982256 0.9999903480574219 0.0038993665719902113 -0.258184493 0.0034848556440551415 -0.003906405610810103 0.9999862971687359 0.149303466
0.9999920427057526 -0.0020016087559563346 -0.0034507058352025908 -0.289169312 0.002014987429435042 0.9999904507664547 0.0038778010979011435 -0.256800771 0.0034429106918770105 -0.003884723681774997 0.9999865269463455 0.149626106
0.9999918964209911 -0.0020331526364983613 -0.003474573704211367 -0.284797668 0.002046331936972069 0.9999907102407839 0.003793564553687129 -0.260316133 0.0034668281862569247 -0.0038006442580124553 0.9999867674271414 0.152988642
0.9999918637007961 -0.0020830758203989894 -0.0034543615462986252 -0.283103377 0.0020960139970090386 0.9999907869743071 0.003745915608659572 -0.260521919 0.0034465263513311114 -0.0037531258371291377 0.9999870170976309 0.157768756
0.9999918224115389 -0.002097806545946976 -0.0034573992952968897 -0.281982958 0.0021106200580805973 0.999990903209676 0.003706479926071926 -0.262479007 0.0034495920283078795 -0.0037137471868354628 0.9999871535598214 0.159928337
0.9999916918150336 -0.0021297357947428226 -0.0034756030496734054 -0.281855553 0.0021425267603776754 0.9999909313468034 0.003680492965936938 -0.265595943 0.0034677327168300414 -0.003687909277061584 0.9999871864480412 0.163422257
0.9999912782564274 -0.002225197221628901 -0.0035342853481735137 -0.279770315 0.002238023895598091 0.9999909094342568 0.003629260435677296 -0.271841347 0.003526177057408051 -0.0036371389294465543 0.9999871680245127 0.171842575
0.9999913359212051 -0.002217489240587461 -0.0035227975774347517 -0.279722303 0.0022301896592852224 0.9999910138723243 0.0036052296260723053 -0.272719204 0.003514771029145223 -0.0036130552225188913 0.9999872954988063 0.172356039
0.9999913945104089 -0.0022114691058248647 -0.0035099291065618238 -0.27910322 0.0022240142992375387 0.9999911390787675 0.0035741846855352694 -0.27347827 0.003501993480275865 -0.0035819603799470013 0.9999874522064456 0.172992259
0.9999914398700669 -0.002201745495675702 -0.0035031141622564495 -0.280064464 0.0022142295045297386 0.999991198341908 0.0035636655694580716 -0.274698466 0.003495236724858552 -0.003571392076199796 0.9999875136549415 0.173335344
0.999991493842893 -0.0022057776532770457 -0.003485126305018284 -0.279439151 0.0022180914198695477 0.9999912979458753 0.003533186358161841 -0.275028974 0.0034773022403478075 -0.003540886941530815 0.9999876846752647 0.174751118
0.9999915892916972 -0.002207183705687814 -0.0034567355421511194 -0.277137011 0.0022192204386322916 0.9999914749395367 0.0034820158675741234 -0.274516642 0.00344902031942134 -0.003489658141799492 0.9999879627238798 0.175957799
0.9999916190035003 -0.002210515952387599 -0.003445995828124981 -0.277683556 0.002222463804780742 0.999991519676568 0.0034670689479898717 -0.275384665 0.0034383022932334404 -0.0034746987895234943 0.9999880517347431 0.177327394
0.9999916854762796 -0.0022019068798090164 -0.0034321921425898134 -0.277435929 0.002213722505971483 0.9999916240694832 0.0034424667474858327 -0.275997818 0.003424583110038486 -0.0034500363380173364 0.9999881842142705 0.177737206
0.9999916963352684 -0.00220645279558075 -0.003426104755696337 -0.277268469 0.0022181676222328885 0.999991694300291 0.00341912706720037 -0.277220309 0.003418531868479341 -0.003426698639048728 0.9999882851731711 0.179205224
0.9999916958779136 -0.002221199937369151 -0.003416697379335855 -0.277877182 0.0022328363455300553 0.999991707876261 0.0034055831226439156 -0.27816385 0.0034091042808645803 -0.0034131840544260688 0.9999883635856532 0.181510091
0.9999917530631425 -0.002222600998927089 -0.0033990053373325452 -0.277688205 0.002234098754400241 0.9999917833789127 0.0033825088990600397 -0.278421342 0.003391459160779341 -0.003390074998610116 0.9999885022045606 0.182732761
0.9999918515685586 -0.0022021778879585787 -0.0033832839760247293 -0.27772519 0.002213554749664951 0.9999918965942324 0.003362488063134352 -0.278826505 0.0033758514900503462 -0.00336995002251837 0.999988623049196 0.18215692
0.999991841420166 -0.0022496693119400573 -0.0033549201141846426 -0.277114511 0.0022608579113420043 0.999991883467964 0.003334805935941766 -0.27815789 0.0033473904000531247 -0.00334236400061174 0.9999888113215886 0.187194958
0.9999919282747043 -0.00225992213535279 -0.0033219811196118507 -0.276702076 0.002270918068900036 0.999991943434237 0.0033098972804744505 -0.277083814 0.003314473976554719 -0.00331741478038115 0.9999890040560029 0.189170644
0.9999919951077174 -0.002236549248294465 -0.003317680022337773 -0.277410507 0.002247493680237558 0.9999920335207575 0.0032986516462369508 -0.278385878 0.003310275732919834 -0.0033060819690205762 0.9999890555006457 0.188337743
0.9999920274246769 -0.0022340075703213076 -0.0033096433341315012 -0.277562469 0.0022448668827205454 0.9999920977470271 0.003280924083587991 -0.279365718 0.0033022873137082626 -0.0032883278941051855 0.9999891404599076 0.189240336
0.9999920723667007 -0.002264012443081456 -0.0032755003901847324 -0.275777251 0.002274627657963554 0.9999921620142267 0.003240592034097978 -0.278116077 0.003268137721418 -0.0032480171445674927 0.9999893844065794 0.192900151
0.9999920534338368 -0.0022446145885490717 -0.0032945760011574483 -0.276604056 0.002255261213163814 0.9999922359501756 0.003231300854399827 -0.281386554 0.0032872971479513077 -0.0032387055593429376 0.9999893518110506 0.192377537
0.999992137413165 -0.0022583941989657054 -0.00325948400365209 -0.274589688 0.002268789878112764 0.9999923408617668 0.0031890896074835704 -0.280016124 0.003252256573051837 -0.0031964598664248377 0.9999896023302485 0.194676757
0.9999922538977065 -0.00224764296803552 -0.003231056802609991 -0.27237761 0.00225780599078866 0.9999925050083832 0.003145113405736947 -0.279190719 0.0032239632568332195 -0.003152384385703605 0.9999898338754654 0.194868416
0.9999923245637826 -0.002239043824149337 -0.0032151188570531722 -0.271716595 0.002249074272104242 0.9999926050678953 0.003119452830352803 -0.279421449 0.0032081102583918397 -0.0031266601663398046 0.999989965630626 0.195240811
0.9999923963857044 -0.002240900072151382 -0.0031914011185809987 -0.270154655 0.002250742760734933 0.9999927119584 0.0030837819595665424 -0.278955072 0.0031844671858958467 -0.003090941768422806 0.9999901522538274 0.196517006
