1.0 0.0 0.0 0.0 0.0 1.0 0.0 0.0 0.0 0.0 1.0 0.0
0.9999977220912056 -0.0014964972416421577 -0.00019596617342231256 0.000717441 0.0014962145128939572 0.9999972461950539 -0.0007177348242009813 -0.00019704 0.0001981132675361987 0.0007171451402768675 0.9999994464544352 0.001496358
0.9999984196026321 -0.0015737788350837303 -0.00022771525436660303 0.001383408 0.0015734623061676712 0.9999976867959502 -0.0011069501450793034 -0.000286005 0.0002298922136529712 0.0011065000817280014 0.9999992017543061 0.001967028
0.9999978838348197 -0.0018964730294122505 -0.000460959336024807 0.001857124 0.0018959008703644392 0.9999973127024016 -0.0011147596716255216 -0.000770223 0.0004633069722202233 0.001113786013758119 0.9999991915705256 0.003160316
0.9999986419240491 -0.001539867129183334 -0.00043033218717298155 0.002269403 0.0015393778394365148 0.9999981347997879 -0.0010683059956128659 -0.000916313 0.00043207919911536177 0.0010676006075641333 0.9999992953160478 0.003271701
0.9999991889109279 -0.001204410764954497 -0.000330425137638282 0.002649401 0.001204059917244861 0.9999987059566944 -0.0010192070096123596 -0.000860765 0.00033170133856505994 0.001018792384159007 0.9999994030587072 0.003131014
0.9999991581401615 -0.0012093574305002837 -0.0004191272643023739 0.002937199 0.001208946497577489 0.9999987823375663 -0.0009528652575347959 -0.001294135 0.0004203111042822483 0.0009523436555758021 0.9999994431396427 0.003728221
0.9999993877452387 -0.0010412248529886687 -0.0003403964972035539 0.003122629 0.00104092074380007 0.9999990569916417 -0.0008745167335660212 -0.001217361 0.00034132532123537604 0.0008741546303023279 0.999999550689038 0.003718119
0.9999994749502558 -0.0009632154421845085 -0.0003258218129169136 0.003002332 0.0009629706145795136 0.999999251625594 -0.0007391947989911966 -0.00132512 0.0003265446941714356 0.0007388757455327542 0.9999996686173499 0.003912567
0.9999996969252072 -0.0007421477947798547 -0.000219029858317991 0.0036261 0.0007419710596053682 0.9999994005772384 -0.0007960553047805376 -0.000999165 0.0002196278098044228 0.0007958905403788552 0.9999996549529879 0.003380494
0.9999997151814063 -0.0007248664306063348 -0.0001963817544186689 0.0035896 0.0007247252574340061 0.9999994795558116 -0.0007108836646493611 -0.000993042 0.00019690209985100788 0.0007107397141064535 0.9999997253196667 0.00366022
0.9999996835261871 -0.000708173249517718 -0.0003553168736670681 0.003423176 0.0007079519647026748 0.9999995551513955 -0.0006174207876545887 -0.001971616 0.0003557575687440057 0.0006171669644609197 0.9999997441737768 0.00392653
0.9999997855112778 -0.0005905108358876882 -0.00027805734404160614 0.004793158 0.0005902885187008344 0.9999995076160555 -0.0007934328010537773 -0.001681355 0.00027852899053100954 0.0007932673558122079 0.999999644119843 0.003566999
0.9999997882648826 -0.0005477252560249229 -0.0003478163788108479 0.005001199 0.0005474574787185657 0.9999995549260119 -0.0007649849175105968 -0.002275562 0.0003482377039491415 0.0007647932131864246 0.999999644821574 0.003580406
0.9999998482187726 -0.0004832248610051825 -0.0002617541584475852 0.005148917 0.00048303219453074155 0.9999996135472794 -0.0007318892086955197 -0.001842878 0.00026210952826041513 0.0007317620162762347 0.9999996963701593 0.003399155
0.9999998797011252 -0.0003974563021526992 -0.0002855899705875811 0.005507838 0.0003972464638989311 0.9999996522424636 -0.0007311858171835248 -0.002152544 0.0002858817768604854 0.0007310717750054684 0.9999996905334663 0.002993381
0.9999999065681114 -0.0003472354281952938 -0.0002560551295803725 0.006128344 0.0003470391771017827 0.9999996472432692 -0.0007631067805846372 -0.002057511 0.00025632105168110536 0.0007630175007322985 0.9999996747864308 0.002787947
0.9999999485295552 -0.000240847603297143 -0.00021113585750085417 0.007235056 0.00024066780081613377 0.9999996099105085 -0.0008482732864570198 -0.001801739 0.00021134078637812605 0.0008482222532168615 0.9999996166049153 0.002053522
0.9999998813273363 -0.00016176002066583953 -0.00045874689731076443 0.008982063 0.00016130210760717365 0.9999994904370898 -0.00099497307488231 -0.004142194 0.00045890810644349015 0.000994898731215123 0.9999993979372507 0.001458267
0.9999999056846268 -0.00018837609306260263 -0.00039067135269166677 0.008874116 0.00018801107801903375 0.9999995471601313 -0.0009315736631348015 -0.003722497 0.0003908471476083557 0.0009314999210234758 0.9999994883597007 0.001792792
0.9999998924451539 -0.00029327903448227237 -0.0003585535605605607 0.009355832 0.00029294344951224285 0.9999995203690685 -0.0009333025206267519 -0.003595875 0.00035882779051430445 0.0009331971214880202 0.9999994989432314 0.002938441
0.9999998923569646 -0.0002959023301854232 -0.00035670828072335826 0.00929145 0.00029558656323676086 0.999999565530327 -0.0008829506301891968 -0.003755308 0.00035696998498425286 0.000882844857666655 0.9999995455504241 0.003112359
0.9999998406162814 -0.00044206705527091494 -0.0003502668671175375 0.00923086 0.00044177296654137206 0.9999995507752701 -0.0008375162275462344 -0.003862941 0.0003506377127313441 0.0008373610356436118 0.9999995870883961 0.004871165
0.9999998828794132 -0.00029233817435962863 -0.0003851461895045469 0.011928127 0.00029193853263285047 0.9999994203406197 -0.0010353274478814981 -0.004439301 0.00038544920371168375 0.0010352146748306447 0.9999993887262109 0.003365943
0.999999841971981 -0.00038556916901048957 -0.00040846624317263753 0.011780195 0.0003851679989874199 0.9999994446011652 -0.000980060124940254 -0.00491238 0.0004088445529281693 0.000979902368529865 0.9999994353399673 0.004632453
0.999999853022744 -0.0003427124136467535 -0.0004195630062879372 0.011873055 0.0003423137395663841 0.9999994908670794 -0.000948398789212805 -0.005254967 0.00041988834041567876 0.0009482547976196341 0.9999994613927705 0.004288265
0.9999999124139424 -0.00022481618351345885 -0.0003526627903769775 0.011845938 0.00022449473474023398 0.9999995601745628 -0.0009099194792124353 -0.004592732 0.0003528675022723758 0.0009098401113419655 0.9999995231332531 0.002924842
0.9999999166020881 -0.000217112233657079 -0.0003455858902823865 0.011586852 0.0002168155424424158 0.9999996086088278 -0.0008571469580560895 -0.004673069 0.0003457721072053626 0.0008570718552990995 0.9999995723488276 0.002933031
0.9999999138026754 -0.00015416411420026368 -0.0003852381819420594 0.009263599 0.00015390917390542278 0.9999997694861817 -0.0006608723427274864 -0.005400929 0.000385340105777903 0.0006608129183719202 0.9999997070464128 0.002159264
0.9999998949109556 -0.00013636948671942855 -0.0004374149323637858 0.0077859 0.00013613459335827267 0.9999998467156043 -0.0005363506730920562 -0.00635059 0.00043748809407127126 0.000536290998551163 0.9999997602132552 0.001978004
0.9999998878545339 -0.0001003951377119631 -0.00046256113148794874 0.006134652 0.00010020595255236674 0.9999999114261278 -0.00040854607011354407 -0.006946435 0.0004626021520839351 0.00040849962136572905 0.99999980935204 0.00150618
0.9999998900051202 -8.219306942705856e-05 -0.00046152504516669803 0.005455958 8.203060877482955e-05 0.999999934738672 -0.0003516503272184216 -0.007161307 0.000461553948311565 0.00035161238992241283 0.9999998314931628 0.001274058
0.999999883640667 -7.350325691218916e-05 -0.00047653843611159273 0.004313036 7.337479627956425e-05 0.999999961003593 -0.0002693192551802409 -0.00763222 0.0004765582326844373 0.0002692842237547681 0.9999998500428179 0.001176172
0.9999998384197619 -6.402766565028198e-05 -0.0005645922692393998 -0.000393959 6.40411460081386e-05 0.9999999976631372 2.383630299393413e-05 -0.009324315 0.0005645907403345219 -2.387248947701227e-05 0.9999998401870699 0.001057538
0.9999998235676977 -6.737433566192994e-05 -0.0005899324452512133 -0.002430019 6.74586612702848e-05 0.999999987518123 0.00014279883253628923 -0.010037446 0.0005899228085822611 -0.00014283863779881057 0.999999815634737 0.001147072
0.9999998023650329 -6.411948894719652e-05 -0.0006251689212277549 -0.006239106 6.434237030324375e-05 0.9999999344339785 0.00035620940311361374 -0.010949188 0.000625146021594703 -0.0003562495903435498 0.9999997409279922 0.001124959
0.9999997877928198 -4.753087566583487e-05 -0.0006494827968379391 -0.008206344 4.7826975113693166e-05 0.999999895016575 0.00045554092338206015 -0.011699517 0.0006494610596344226 -0.00045557191340417895 0.9999996850844293 0.000858883
0.9999997890790023 -1.5957598012771206e-05 -0.0006490603918215555 -0.010345138 1.6320547885297145e-05 0.9999998436333772 0.0005587831319036278 -0.012016307 0.00064905136690605 -0.0005587936147174251 0.9999996329730395 0.000298791
0.9999997877449762 -8.174331812444271e-07 -0.0006513183214271128 -0.013197956 1.2698576951539966e-06 0.9999997589115615 0.0006941480534290069 -0.012383614 0.0006513175964804511 -0.0006941487336449152 0.9999995466576277 1.9843e-05
0.9999997834406029 1.2907949714889624e-05 -0.0006577747030254569 -0.015157941 -1.2396637680068429e-05 0.9999996979972845 0.000776823540738972 -0.012835139 0.0006577845380368098 -0.0007768152128441887 0.9999994815980733 -0.000246882
0.9999997914389649 8.148607777265644e-05 -0.0006404853685620472 -0.017617185 -8.092186880765888e-05 0.9999996089868235 0.0008803348170629206 -0.012818433 0.0006405568978330565 -0.0008802827716783729 0.999999407023997 -0.001625095
0.9999997924184533 0.0001230928704679981 -0.0006322692217663204 -0.019648412 -0.00012248680986479905 0.9999995334081301 0.0009579278145026796 -0.012970441 0.0006323869108087109 -0.0009578501248257393 0.9999993409129024 -0.00251869
0.9999997843630427 0.00024337096778952823 -0.0006097541245262586 -0.024976723 -0.00024264557401190397 0.999999263559963 0.0011887674980447886 -0.012815138 0.0006100431507295441 -0.0011886192035435157 0.9999991070095294 -0.005106069
0.9999997683510494 0.0003214306090378345 -0.0005997747742769249 -0.027187034 -0.00032067192923368356 0.9999991493708859 0.0012639254012634976 -0.012906505 0.0006001807478476103 -0.0012637326733653414 0.9999990208516516 -0.006906339
0.999999751226646 0.00040533592106726504 -0.0005770550865951723 -0.028396694 -0.0004045907447793992 0.9999990853612993 0.0012902087070100416 -0.012707529 0.0005775777965881835 -0.0012899747941329026 0.9999990006680433 -0.0089138
0.9999997394080173 0.00041506242366786745 -0.0005904657773785035 -0.029198287 -0.0004142958260916235 0.9999990723793946 0.0012971829488924243 -0.013298105 0.0005910039071607767 -0.0012969378623793595 0.9999989838312013 -0.009334893
0.9999997226793267 0.00043621131434081183 -0.0006034061360926778 -0.029949233 -0.00043542522525350137 0.9999990576021991 0.001301656357433632 -0.013891437 0.0006039736327408435 -0.0013013931338667478 0.9999989703089596 -0.010028563
0.9999997190519132 0.0004297767661202137 -0.0006139493257357237 -0.03017617 -0.000428988044490776 0.9999990837005314 0.0012836425225186653 -0.01444083 0.00061450069239349 -0.0012833786655688777 0.9999989872052591 -0.01009506
0.9999996918380016 0.0004086781368256953 -0.0006701034970351665 -0.030408539 -0.00040782877295153703 0.9999991143040639 0.0012666089690862607 -0.016095683 0.0006706207633312025 -0.001266335172494863 0.9999989728853813 -0.009802341
0.9999996643492987 0.0003665658783718646 -0.0007325648578185537 -0.03050198 -0.0003656535669422586 0.9999991582908819 0.0012445939726627006 -0.01796091 0.0007330206566527696 -0.0012443255782227508 0.9999989567324092 -0.008973429
0.9999995771581308 0.0002371188647006545 -0.0008883243019781986 -0.031241981 -0.0002360085595415228 0.9999991914711787 0.0012492839487893283 -0.022220701 0.0008886199307381737 -0.0012490736843287485 0.999998824614118 -0.005916462
0.9999995240852285 0.0001487410903462618 -0.0009640226127263447 -0.031953663 -0.00014753297193673408 0.9999992042149255 0.0012526738867995222 -0.024594411 0.0009642082409918709 -0.0012525310106023372 0.9999987502531847 -0.003778949
0.9999995038301359 9.452956382424362e-05 -0.0009914821177349235 -0.032360181 -9.329547028547317e-05 0.9999992213330228 0.0012442080129561614 -0.025789605 0.0009915990033522335 -0.0012441148603900306 0.9999987339859869 -0.00244263
0.9999994180223863 -2.2387458306316337e-05 -0.0010784430776424137 -0.033030272 2.3731639193595687e-05 0.9999992232229111 0.0012459685059586978 -0.028588554 0.0010784143356360962 -0.0012459933829079301 0.99999864177723 0.000611296
0.9999993108749609 -0.00023304303497560696 -0.0011504208181219013 -0.035284679 0.00023454625123412004 0.9999991190386904 0.001306256437557347 -0.031067912 0.001150115285939165 -0.0013065254564980156 0.9999984845923735 0.006314625
0.9999993147551327 -0.00023667944150665375 -0.001146306766371227 -0.035562474 0.0002381616249700333 0.9999991359249822 0.0012926164277220896 -0.031529658 0.0011459997386788507 -0.0012928886382026418 0.9999985070673016 0.006531228
0.9999992901096052 -0.00021968601692315553 -0.001170925167565332 -0.036067411 0.00022119412829929843 0.9999991463315113 0.001287581123153432 -0.032792408 0.0011706412138974844 -0.0012878392931820256 0.9999984850504751 0.006174295
0.9999992743271549 -0.0001958838115982239 -0.0011884982660748122 -0.037166666 0.00019743355728912414 0.9999991305890381 0.0013035743694706085 -0.033878997 0.0011882418047540852 -0.0013038081448734256 0.9999984436027651 0.005606502
0.9999993061490192 -7.940615705796226e-05 -0.001175152649603152 -0.039035413 8.098789713024969e-05 0.9999990911296198 0.0013456004996947294 -0.034088019 0.0011750447004971523 -0.0013456947672044993 0.9999984037121192 0.002326407
0.9999993587988593 3.2636698753923684e-05 -0.00113179875503221 -0.04162883 -3.103953288535473e-05 0.9999990041121659 0.0014107583789479945 -0.033398345 0.0011318436832868193 -0.00141072233351151 0.9999983639249828 -0.000939495
0.9999993849247939 0.00014982167860856606 -0.0010988002025415972 -0.043961655 -0.00014821134943165568 0.9999989155112861 0.0014650622245533636 -0.032976467 0.0010990185696275524 -0.0014648984232814622 0.9999983226481886 -0.004471741
0.999999423474555 0.00023396240401791192 -0.0010478560770420758 -0.046400577 -0.000232367998895801 0.9999988158984996 0.0015210425506012974 -0.031973638 0.0010482107983497454 -0.0015207981197899669 0.9999982937537234 -0.007113456
0.9999994458982109 0.00029640181990915767 -0.0010099806994463118 -0.047967236 -0.0002948386923864527 0.9999987594899539 0.0015470757708401929 -0.031324666 0.0010104381215944739 -0.0015467770545244941 0.9999982928023116 -0.00916662
0.9999994680187083 0.00032317623144558985 -0.0009794138162426164 -0.049053483 -0.00032165064498979734 0.999998735799004 0.001557017784042948 -0.030867245 0.0009799158956746983 -0.0015567018470718761 0.9999983077944187 -0.010158591
0.999999421372532 0.00048784872581927446 -0.0009586322330263493 -0.053271353 -0.00048625218730407644 0.9999984960388046 0.0016645554250767287 -0.030696727 0.0009594430404263589 -0.0016640882108610942 0.9999981546876314 -0.015589435
0.9999994212581932 0.0005107161439363359 -0.0009467726249968659 -0.056369904 -0.000509073239059255 0.9999983661570061 0.001734287900729584 -0.0307918 0.0009476570162217841 -0.0017338048061030713 0.9999980474696033 -0.016575517
0.9999994482135435 0.0004882917829615117 -0.0009299948689722973 -0.05740102 -0.00048667338931409314 0.9999983687023347 0.0017392506620289984 -0.030710902 0.000930842808295829 -0.0017387969944553747 0.9999980546099497 -0.016090635
0.9999994556194953 0.0004906387264310984 -0.0009207561390571489 -0.058676265 -0.000489025242788422 0.9999983464194964 0.0017513640467146075 -0.030866608 0.0009216140946193709 -0.0017509127197935684 0.9999980420280639 -0.016413044
0.9999994602521763 0.00042811567000577733 -0.0009465616329171309 -0.06273482 -0.00042636840232097574 0.999998206808182 0.0018449430811385082 -0.032203496 0.0009473499550416938 -0.001844538413867843 0.9999978496357962 -0.014529387
0.9999994609279031 0.0004180265074072467 -0.0009503532694782823 -0.064799257 -0.00041624078073746287 0.9999981494623313 0.0018780410847478806 -0.03280763 0.0009511367462958357 -0.0018776444132622204 0.9999977844274589 -0.01439415
0.9999994685479482 0.0003801912498557371 -0.0009581970360828667 -0.067875989 -0.00037833229176614835 0.9999980479821083 0.0019390977467237992 -0.033556655 0.0009589325437338291 -0.0019387341251124338 0.9999976603990759 -0.013276887
0.9999994781705733 0.0003501399584052364 -0.0009596111700445403 -0.070876174 -0.00034822338731343186 0.9999979463917296 0.001996281091535719 -0.034085374 0.0009603083154249119 -0.0019959458242705544 0.9999975465144841 -0.012398424
0.9999994828181124 0.00032275983424631194 -0.0009643599462572097 -0.071234375 -0.00032085099374931517 0.9999979908991472 0.001978503814320053 -0.034735162 0.0009649967131332583 -0.0019781933153426175 0.9999975772960888 -0.011587244
0.9999994750049619 0.0002514589771659055 -0.0009932578655141393 -0.073073827 -0.0002494699504717245 0.999997964959017 0.002001768955596186 -0.036269914 0.0009937593010456117 -0.002001520069991727 0.9999975027082778 -0.00914368
0.9999994052119554 0.00012462314737350587 -0.0010834332522342304 -0.077022262 -0.000122367515476707 0.9999978260700894 0.002081366725943821 -0.040099163 0.001083690330336198 -0.002081232886499914 0.9999972465359478 -0.004570168
0.9999993739836495 2.5523318153255104e-05 -0.0011185518878351075 -0.078742959 -2.3174515528342453e-05 0.9999977954927699 0.002099449655950475 -0.041954171 0.0011186030159887207 -0.0020994224149205867 0.9999971700693953 -0.000913248
0.9999993554078179 -1.0537563725990592e-05 -0.0011352751872147095 -0.079117969 1.2901240089501046e-05 0.9999978328396701 0.00208168183218683 -0.043147523 0.0011352507868126877 -0.0020816951391121816 0.9999971883848564 0.000445415
0.9999993023955719 -8.567553792559168e-05 -0.001177978264902445 -0.082278453 8.819279990377988e-05 0.9999977130051562 0.002136687894441922 -0.045356303 0.0011777924776574802 -0.002136790310351178 0.9999970229595636 0.003347535
0.999999116142484 -0.00022087889589441473 -0.0013109676810990497 -0.088393964 0.0002238496485896764 0.9999974071614106 0.0022659897584958173 -0.051126402 0.0013104636898304484 -0.002266281263243845 0.9999965727579768 0.008673647
0.9999990994140573 -0.00019546427878209857 -0.001327658176542188 -0.089214049 0.00019846240328383593 0.9999974304128425 0.002258087036905368 -0.052442204 0.0013272133183862861 -0.002258348535429696 0.9999965686277406 0.007781312
0.9999990773709944 -0.00013422362644462192 -0.001351648216806854 -0.093164332 0.00013737139319160363 0.9999972788339945 0.0023286484227055242 -0.054068148 0.0013513319296996173 -0.002328831980701996 0.9999963746488675 0.005432759
0.9999991032115187 -5.379436897797806e-05 -0.0013380616565762486 -0.096650451 5.698740291947082e-05 0.9999971513787659 0.0023860256858980896 -0.054197181 0.0013379294700550579 -0.0023860998100924476 0.9999962576589082 0.002243677
0.9999991374846416 2.4945759178079057e-05 -0.0013130693707332911 -0.100047842 -2.1741549264668444e-05 0.9999970229092137 0.0024398390594789925 -0.053845122 0.001313126333714492 -0.0024398084023592496 0.9999961609388636 -0.000957234
0.9999991587292084 0.00014488430867915284 -0.0012889162937993067 -0.102988027 -0.0001416852422607108 0.9999969109196077 0.0024813665289379803 -0.053505275 0.0012892718749155665 -0.002481181794207502 0.9999960901823635 -0.005947193
0.9999991716336589 0.00027917694585309725 -0.0012564065682491824 -0.105234966 -0.0002760280291609857 0.9999968229122039 0.0025054088727623647 -0.052791268 0.0012571021274952374 -0.0025050599444929496 0.9999960716200785 -0.01166098
0.9999991858382521 0.0003903358343027005 -0.001214798513125158 -0.107581183 -0.00038725954252977505 0.9999967210619563 0.0025312028456138795 -0.051657103 0.0012157826852490989 -0.0025307302770906635 0.999996058085077 -0.016526222
0.9999991948540172 0.0004866497572244978 -0.001171855637968322 -0.108971924 -0.00048367844664356537 0.9999966715694615 0.0025341675596129345 -0.050423145 0.0011730851557739841 -0.002533598641011525 0.999996101839983 -0.020864919
0.9999991487664159 0.0007502082480143738 -0.0010674404583277297 -0.1139495 -0.0007474094879228919 0.9999962891001769 0.0026195771628833423 -0.046482563 0.0010694019846748696 -0.0026187770121849445 0.9999959986565946 -0.032577559
0.9999991081048197 0.0008328703288089565 -0.0010439761807238342 -0.115217626 -0.0008301337403527566 0.9999962262199545 0.0026186731978667978 -0.045988891 0.001046153537324711 -0.0026178041102205563 0.9999960258111829 -0.036590893
0.9999990971724795 0.0008788543810546238 -0.001016386380328172 -0.115614586 -0.0008762107656513722 0.9999962403407451 0.0025981935843554446 -0.045285735 0.0010186662806690645 -0.002597300557219024 0.999996107675507 -0.039055213
0.9999990726648544 0.0009414617342441581 -0.0009839157947485555 -0.116511837 -0.0009389110753945111 0.9999962065363127 0.0025892899483553875 -0.04433655 0.0009863500801962873 -0.00258836362343213 0.999996163262664 -0.042313702
0.999999047392696 0.0010000618146469883 -0.0009512413075402985 -0.116503268 -0.000997622876135158 0.9999962233891586 0.0025606725707113098 -0.043344989 0.0009537988547371083 -0.0025597210364151843 0.999996268590475 -0.045452911
0.9999990391748165 0.0010319292836694267 -0.0009254968322583487 -0.11642129 -0.0010295836447240714 0.9999962663703482 0.002531071067870987 -0.042637981 0.0009281055713287318 -0.002530115646685421 0.9999963681317918 -0.047420498
0.9999990285146398 0.001088068452509549 -0.0008711212307311665 -0.117980078 -0.0010858547399039493 0.9999961908594629 0.0025373815881876167 -0.040576033 0.0008738790761914563 -0.0025364331023898226 0.9999964009986936 -0.050549664
0.9999990374176546 0.0010870607742944046 -0.0008621164567316604 -0.117465474 -0.0010849027247607896 0.9999962874498968 0.0024994463935546778 -0.040587932 0.0008648306133479073 -0.002498508569014187 0.9999965043597928 -0.051047023
0.9999990504068571 0.0011073227370567245 -0.000820250771237144 -0.117321774 -0.0011052933988078843 0.9999963380339913 0.0024701080311290246 -0.039031211 0.0008229832770291509 -0.0024691989670525935 0.9999966124964516 -0.052555561
0.9999989039062872 0.0012729619796342639 -0.0007559868922800655 -0.118852891 -0.0012710861796159864 0.999996125686577 0.0024763099710514574 -0.036366984 0.0007591365535151709 -0.002475346227731638 0.9999966478170595 -0.061063908
0.9999988436275035 0.00134695170895833 -0.000705846282714023 -0.11942599 -0.0013452095581448253 0.99999606257774 0.0024626009428849135 -0.034317642 0.0007091608602868421 -0.002461648482817174 0.9999967183346844 -0.065291986
0.9999987033879012 0.0014917496811365151 -0.000606329464164982 -0.124298021 -0.0014902068115503029 0.9999956713069232 0.00253687795041233 -0.029805977 0.0006101116201930337 -0.002535971010344615 0.9999965979474407 -0.073065706
0.9999986993423389 0.0015055368141183088 -0.000578279470650347 -0.12389788 -0.0015040846740671165 0.9999957355076484 0.0025031631359669973 -0.028721049 0.0005820459930946765 -0.0025022900098434255 0.9999966995414257 -0.074495897
0.9999986533810322 0.0015568493776497929 -0.0005188321899117616 -0.126276806 -0.001555534085259653 0.9999956001695841 0.002525683136665452 -0.026042528 0.0005227624083391958 -0.002524872593330656 0.999996675530987 -0.077817544
0.9999985352650219 0.0016416201225091325 -0.0004840083039454618 -0.129025236 -0.0016403781469377372 0.9999953898554323 0.002555097580591908 -0.024550749 0.0004882009831659269 -0.0025542998032084263 0.9999966182689631 -0.082878776
0.9999984914849415 0.0016809649075937559 -0.0004371439829222096 -0.130488828 -0.0016798409287021743 0.9999953150779237 0.0025587215844472848 -0.022406187 0.0004414434693409725 -0.0025579833212704345 0.9999966305949944 -0.085708991
0.9999983317769053 0.001786725777085275 -0.0003791305082041131 -0.135368958 -0.001785723053018145 0.9999949503133734 0.0026286097201895383 -0.019648023 0.00038382564097731134 -0.0026279282487644876 0.9999964729968568 -0.091999464
0.9999982412672717 0.00184282123229051 -0.0003480619066335891 -0.136894226 -0.0018418985468115774 0.9999948377810067 0.0026326539118624644 -0.018227056 0.00035291206877000324 -0.002632008127307099 0.9999964736609283 -0.095811822
0.9999981162951885 0.001914308902465274 -0.00032013406145164056 -0.140152097 -0.0019134474644848963 0.9999946054116022 0.002669623189850701 -0.016942738 0.0003252432812767184 -0.002669005545343529 0.9999963849787068 -0.100487992
0.9999980398081465 0.0019586500489681604 -0.0002893457611333169 -0.143581688 -0.0019578589997359215 0.9999944132003329 0.002709125671477648 -0.015477331 0.0002946508458529415 -0.0027085538119784847 0.9999962881213487 -0.103797019
0.9999979450831712 0.0020094444537323416 -0.0002675882766532364 -0.14585039 -0.002008707495365287 0.999994265943561 0.0027262011330037115 -0.01446379 0.0002730653703808547 -0.0027256579768730584 0.9999962477772045 -0.107495263
0.9999978607029731 0.002052664352533264 -0.0002545422262832633 -0.148124993 -0.002051958407940613 0.9999941319793132 0.002743076292206098 -0.013898512 0.00026017183015051177 -0.0027425480686070988 0.9999962050378263 -0.110834643
0.9999978263697705 0.0020715915718517467 -0.00023536827577544104 -0.149906114 -0.0020709363395028345 0.999994072255373 0.0027505779443211835 -0.01298395 0.00024106543413624564 -0.0027500844913370126 0.9999961891333871 -0.112893723
0.9999977951554327 0.0020885161694750532 -0.00021776151440165326 -0.152881086 -0.0020879028000883705 0.9999939565906949 0.002779648387805402 -0.012137547 0.00022356601865308834 -0.0027791875561550858 0.9999961127385923 -0.114861362
0.9999977835098848 0.0020959905697261693 -0.00019859277160603784 -0.154936805 -0.002095428001112298 0.9999939074780659 0.002791630233232931 -0.011185192 0.0002044432671175998 -0.002791207874480974 0.999996083355249 -0.116321661
0.9999977248319704 0.00212428950650762 -0.00019329318534985394 -0.15697287 -0.0021237393443938935 0.9999938157716229 0.0028030632854506017 -0.010992035 0.00019924698249778976 -0.0028026463704344403 0.9999960524145164 -0.118954659
0.9999977434789169 0.0021174062012383837 -0.00017109834832934265 -0.15888305 -0.002116916686295969 0.9999938050297933 0.002812044726535893 -0.009836048 0.00017705199554222993 -0.0028116761512866077 0.9999960312462438 -0.119629361
0.9999977267301251 0.0021263335641961527 -0.00015776673426966232 -0.160159886 -0.00212588187474723 0.9999937924166314 0.0028097685362736685 -0.009163696 0.00016374071970780805 -0.002809426729171835 0.9999960398426768 -0.121197842
0.9999977409072771 0.002119986129918218 -0.00015328906837920307 -0.161505774 -0.002119547210410374 0.9999938087605847 0.002808740625660971 -0.008986006 0.00015924306067075587 -0.002808409351991115 0.9999960434323026 -0.121896178
0.9999977443492131 0.002118933083774111 -0.00014520273837119414 -0.164265379 -0.00211851334885106 0.999993745072757 0.0028320993871554343 -0.008596441 0.00015120330513194736 -0.00283178536165329 0.9999959787577072 -0.122895464
0.9999977645620345 0.0021085349590591793 -0.00015692253409798216 -0.165506333 -0.0021080825611797037 0.9999937755565884 0.0028291211808788657 -0.00935515 0.00016288729395642912 -0.002828784026268657 0.9999959854230248 -0.123345457
0.9999978092456084 0.0020859850507459967 -0.0001727880268985832 -0.168479905 -0.0020854831347474124 0.9999937477974663 0.0028555609068225364 -0.010370973 0.00017874403167487517 -0.00285519427814523 0.9999959076558452 -0.123067535
0.9999978988614276 0.002041867129754274 -0.0001809823919388986 -0.166989043 -0.0020413511551675627 0.9999939777232909 0.002806519575938966 -0.010939721 0.00018671224667637086 -0.002806144203932083 0.9999960450595377 -0.121484689
0.999997946170902 0.0020172927208379683 -0.00019467620009802037 -0.168811247 -0.0020167370120597904 0.9999940080152726 0.0028135161657930514 -0.011851678 0.0002003511133450666 -0.0028131177489477454 0.9999960228298996 -0.12102966
0.9999980250052701 0.0019769120119168884 -0.0002038006035188801 -0.170565486 -0.0019763295888261135 0.9999940725037033 0.00281926748645965 -0.012499399 0.00020937321984041852 -0.0028188591133678233 0.9999960048172393 -0.119594082
0.999998132464378 0.001920881319377297 -0.00021220694032941687 -0.172181994 -0.0019202746812684284 0.9999941721476198 0.0028226641487930793 -0.013110887 0.00021762807065282873 -0.002822251354020343 0.9999959934904693 -0.117163472
0.9999981904940057 0.0018862598146506082 -0.0002465632418388556 -0.174339294 -0.001885553283225339 0.9999942038290316 0.002834824681907832 -0.015329091 0.0002519093819411617 -0.0028343546130768374 0.9999959512119998 -0.115991257
0.9999982632629324 0.0018475652705615296 -0.000244433637200946 -0.174163386 -0.001846871347069195 0.9999943485597208 0.002809124382787474 -0.015316784 0.00024962263390005047 -0.0028086680369191356 0.9999960242697465 -0.114535309
0.9999983428472043 0.001796656122003955 -0.0002934578724512148 -0.174666449 -0.0017958289916367631 0.999994481838216 0.002794742398332604 -0.018499224 0.0002984777653942947 -0.002794210732837933 0.999996051388212 -0.112272657
0.9999984194835707 0.001749453452360622 -0.0003166131457208086 -0.175186008 -0.0017485662745222502 0.9999946044053202 0.0027808265962071988 -0.02010115 0.0003214766704180932 -0.0027802685468482067 0.9999960831254074 -0.110194862
0.9999984964961328 0.0016997946224685287 -0.00034280795270799977 -0.17518194 -0.0016988424273297427 0.9999947509030342 0.002758885633434955 -0.021918567 0.00034749598287917726 -0.0027582990723807447 0.9999961352693183 -0.107913703
0.9999986086039999 0.001618484399915286 -0.00040389166135662883 -0.175174057 -0.0016173728497061127 0.9999949454649338 0.0027372491080791005 -0.025992429 0.0004083200851245119 -0.0027365920159711714 0.999996171928464 -0.103554018
0.9999987156543834 0.0015342426370001077 -0.0004632869143484682 -0.174474388 -0.0015329838214711768 0.9999951655788598 0.0027052169086438883 -0.030017672 0.00046743538302443084 -0.0027045031799789263 0.9999962333499288 -0.098924242
0.9999988662215846 0.0014061550676275729 -0.0005386550884527487 -0.174154818 -0.001404706801848064 0.9999954232046693 0.0026795199039787157 -0.035137124 0.0005424206664319923 -0.002678760168578295 0.9999962647839089 -0.091358632
0.9999989622085856 0.0013184570147007455 -0.0005806306155665252 -0.173616692 -0.0013169133450420328 0.9999956190760266 0.0026508597585394667 -0.038148001 0.0005841233200249481 -0.002650092322576727 0.999996317683973 -0.086313605
0.9999990864627706 0.0011789724703027233 -0.0006610542225917405 -0.173662186 -0.0011772289962628845 0.9999958444784588 0.0026314788132793423 -0.04373448 0.0006641540945412875 -0.0026306981523254373 0.9999963189452591 -0.077759281
0.9999991712153979 0.0010650779430627206 -0.000723245319103743 -0.17427288 -0.0010631789198698159 0.9999960000939435 0.002620876661868144 -0.048191365 0.0007260340217569987 -0.002620105506956149 0.9999963037450891 -0.070768692
0.9999992092258219 0.000982754665094401 -0.0007846355366071938 -0.174753085 -0.000980704796182063 0.9999961167750016 0.0026084900840313775 -0.052659404 0.0007871961380857797 -0.0026077184825014595 0.999996289849783 -0.065779693
0.9999992385339032 0.0009224746764403982 -0.0008196880670741015 -0.174907938 -0.0009203475837948805 0.999996218434595 0.0025914594096704737 -0.05541268 0.0008220756540491998 -0.002590702996928227 0.9999963060153014 -0.062198792
0.9999992573280727 0.000845361164696425 -0.0008778539187512386 -0.175446719 -0.0008430934048738644 0.9999963153519422 0.002580325104619635 -0.059771478 0.0008800321085630891 -0.0025795830353169944 0.9999962854397078 -0.057410676
0.9999992424947287 0.0007672576022096958 -0.0009624162437776248 -0.177476808 -0.0007647615047190135 0.9999963503967859 0.002591127954034904 -0.065997139 0.0009644008996965497 -0.0025903899330279655 0.9999961796946203 -0.052474558
0.9999992361158637 0.0007278838572236722 -0.0009989357140224868 -0.180365607 -0.0007252701626187241 0.999996319731931 0.0026142148542575407 -0.068995856 0.0010008349821880908 -0.0026134883208843605 0.9999960837907703 -0.050136551
0.9999992504416717 0.0006430429546715054 -0.0010418897578826447 -0.183290452 -0.0006402929757995358 0.9999963167037296 0.0026374651895550443 -0.072474048 0.0010435820112838238 -0.00263679606329731 0.9999959789053594 -0.044598326
0.9999992316308657 0.000601819653043813 -0.0010837307703560268 -0.184475914 -0.0005989615363575919 0.9999963473524702 0.0026355557471595486 -0.075920567 0.0010853130218376613 -0.002634904575811389 0.9999959394713578 -0.042029575
0.9999992020455115 0.0005892165856697429 -0.0011174309314440577 -0.185278624 -0.0005862778741857769 0.9999963740842057 0.0026282564472987113 -0.078837462 0.0011189755697138567 -0.0026275991919809095 0.9999959215946335 -0.041438352
0.9999992135951288 0.000545026074612563 -0.0011294590321628373 -0.185652375 -0.0005420708818797029 0.9999964337990855 0.002614994181425561 -0.080246195 0.0011308803147813446 -0.002614379847662501 0.9999959428544357 -0.038593937
0.9999992249489144 0.00046346665245942405 -0.001155519118475613 -0.18480134 -0.000460478515247233 0.9999965532886511 0.0025847694807892303 -0.082666516 0.0011567131485810584 -0.0025842353596144795 0.9999959916671095 -0.033032723
0.9999992173323997 0.0003892025521620839 -0.0011890250107871527 -0.184851915 -0.00038614858628667633 0.9999966292758773 0.002567489252305489 -0.085649937 0.0011900203242784005 -0.0025670280802488152 0.9999959969081784 -0.027914044
0.9999991890343112 0.0002675427328562468 -0.0012451001835108635 -0.183802187 -0.0002643852969506212 0.9999967511630657 0.0025352425325005958 -0.090298682 0.0012457744561674504 -0.0025349112745694895 0.9999960109377409 -0.019283347
0.999999164116271 0.00018362272712965774 -0.0012798324223561427 -0.182900488 -0.0001804155534287714 0.9999968448567927 0.002505480127041803 -0.093448982 0.0012802884687887785 -0.002505247120146411 0.9999960421056513 -0.013288047
0.9999991226602377 9.142896905810078e-05 -0.0013214531020863134 -0.181086361 -8.817295319431671e-05 0.9999969610573803 0.0024637005259314816 -0.097139619 0.0013216743501035194 -0.0024635818425144795 0.9999960917822197 -0.006600689
0.9999991133071938 5.443479528933988e-05 -0.001330541514268431 -0.180289015 -5.1192989638761775e-05 0.9999970308749638 0.0024362572614015803 -0.098469518 0.0013306701867637103 -0.002436186983583545 0.9999961469715977 -0.003908414
0.9999990512744465 -4.581693479187799e-06 -0.001377441015776599 -0.177932441 7.871493737253864e-06 0.9999971479949012 0.002388238511821384 -0.102623619 0.0013774261444611652 -0.0023882470889431302 0.9999961993081201 0.000463903
0.9999990342635444 -6.784211789285708e-05 -0.0013880863036592147 -0.17504546 7.108163811118541e-05 0.9999972740767641 0.00233378322663563 -0.104105212 0.001387924183840717 -0.002333879644549434 0.9999963131654843 0.005209882
0.9999989984745654 -0.00010350643753488106 -0.0014114703107971248 -0.175625116 0.00010678945950710284 0.9999972890840865 0.002325979946374067 -0.106561646 0.0014112257197950564 -0.0023261283535060922 0.9999962986152484 0.007939033
0.9999989176202806 -0.00014632562626470217 -0.0014639854460920894 -0.176910743 0.00014973305091172184 0.9999972799021405 0.0023275594253804595 -0.111254826 0.0014636408674042545 -0.002327776122463453 0.9999962194360962 0.011250738
0.999998867373281 -0.00018304282978542165 -0.0014938710497982418 -0.177567765 0.0001865098267098557 0.9999972891860297 0.0023209056599986233 -0.11426983 0.001493442156731159 -0.002321181664699498 0.9999961907031261 0.01413602
0.9999988770351919 -0.00018808666832130679 -0.0014867605938692896 -0.178486124 0.00019153247183627286 0.9999972955380296 0.0023177583735691657 -0.114468671 0.0014863206149801796 -0.002318040545637088 0.9999962086024822 0.014615981
0.9999988531388272 -0.00020049264847593983 -0.0015011423184338585 -0.178071648 0.00020394128741123255 0.9999973399585046 0.0022974469388095707 -0.116325587 0.001500677684772758 -0.0022977504614869566 0.9999962339908133 0.015672497
0.9999988095822177 -0.00022586796140858676 -0.0015263420272291154 -0.180727303 0.00022940391034409613 0.999997289922116 0.002316743308447734 -0.11903923 0.0015258145909630026 -0.002317090713659619 0.9999961513246826 0.017756367
0.9999987994945554 -0.0002448312345948482 -0.0015300227810935154 -0.182518959 0.0002483879968648252 0.9999972667016813 0.002324794786918264 -0.120089389 0.0015294493934458417 -0.002325172050588003 0.9999961270151253 0.019359678
0.9999987528517736 -0.0002491686570607538 -0.0015595223519504423 -0.183168262 0.00025278386851695694 0.9999972806975094 0.0023182924866576114 -0.123184457 0.001558940442002869 -0.0023186838331721877 0.9999960965410146 0.019827958
0.9999987617023136 -0.00026077320803218046 -0.0015519320909238292 -0.184036851 0.00026436511700722636 0.9999972861905108 0.002314629131433133 -0.123359561 0.001551324261969869 -0.002315036558057291 0.9999961168382515 0.020875115
0.9999987616605364 -0.000254963258010106 -0.00155292446361829 -0.186434343 0.00025858154140869925 0.9999972516937184 0.002330134308117666 -0.124215119 0.0015523260736977856 -0.0023305329957949887 0.9999960792890258 0.020542635
0.9999987348239888 -0.00029316368856461883 -0.0015634282393514173 -0.19055669 0.00029686375282685274 0.9999971548631165 0.002366837144763342 -0.125832975 0.0015627298935362575 -0.002367298293261988 0.9999959767237352 0.023749569
0.9999987490726641 -0.0002847197480675571 -0.001555857463096184 -0.191804767 0.00028840315303163376 0.9999971554346425 0.0023676421763303146 -0.126002029 0.0015551788970189758 -0.002368087945764912 0.999995986628067 0.023212409
0.9999987475543498 -0.0002721431545558698 -0.0015590809985780757 -0.19238703 0.0002758227220274786 0.9999971764136564 0.002360269900145245 -0.127043784 0.0015584342407404242 -0.0023606969900744723 0.9999959990376336 0.022330495
0.9999987475640718 -0.0002819006988478911 -0.0015573404109842184 -0.193604514 0.0002855768364579788 0.9999971726209482 0.0023607172094392533 -0.127679452 0.0015566704950547745 -0.002361159009565657 0.9999960006958643 0.023267491
0.9999987657481599 -0.000260009102573297 -0.001549453696108954 -0.194479212 0.0002636609391145742 0.9999971873398039 0.0023570296508271245 -0.12780942 0.0015488364661874056 -0.002357435286974394 0.9999960216481978 0.021602226
0.9999987468807104 -0.00026245091408404864 -0.0015611744230518104 -0.193298578 0.00026608601423768803 0.9999972532993572 0.002328603149496989 -0.129556894 0.0015605589686140688 -0.0023290156531283 0.9999960700205617 0.021935122
0.9999987278163329 -0.0003469418339013656 -0.0015568898005702996 -0.19478856 0.0003505727929946322 0.9999972183136443 0.002332437397954009 -0.129971251 0.0015560762205119045 -0.0023329802533351377 0.999996067766245 0.029122338
0.9999987388091116 -0.00033598053219199646 -0.0015522267558635517 -0.195685431 0.0003395956651513764 0.9999972295577892 0.0023292391933164474 -0.130358875 0.001551439848605513 -0.0023297634037513426 0.9999960824719698 0.028375262
0.9999987426527579 -0.0003371686118210229 -0.0015494909445313446 -0.19594492 0.00034076077597698445 0.9999972540586266 0.0023185264762372003 -0.130903617 0.0015487049278469793 -0.0023190515851658003 0.9999961116126979 0.028643576
0.9999987443156307 -0.00033017463917261786 -0.0015499241833411108 -0.196300685 0.00033375317955512977 0.9999972782855063 0.0023090781813892777 -0.131715789 0.0015491575393081296 -0.0023095925918391767 0.9999961328052034 0.028217964
0.9999987552688584 -0.000330228957757441 -0.0015428300088836948 -0.197220251 0.0003337868735791586 0.9999972846172239 0.002306330155069011 -0.131883994 0.0015420641763168865 -0.002306842278226414 0.9999961501193233 0.028387703
0.9999987533978139 -0.0003269951654034119 -0.0015447306262733654 -0.197679028 0.0003305450044131782 0.999997304281922 0.0022982573080874273 -0.132819086 0.0015439749175428985 -0.0022987650632290747 0.9999961657733684 0.028275238
0.9999987720159497 -0.000317038933066676 -0.0015347217503208072 -0.198256105 0.00032055564434931976 0.9999973226933797 0.0022916525145202865 -0.13272652 0.0015339910739191446 -0.0022921416804707563 0.9999961963446322 0.02757694
